% n20w180.005    85.75 322
n = 21;
duration = [|0, 22, 31, 2, 17, 13, 9, 21, 23, 7, 10, 27, 19, 17, 21, 16, 29, 20, 21, 24, 22
            |22, 0, 27, 24, 37, 28, 20, 38, 1, 16, 13, 12, 35, 12, 35, 27, 16, 23, 38, 6, 16
            |31, 27, 0, 30, 46, 43, 37, 52, 28, 25, 23, 17, 50, 36, 51, 18, 43, 11, 51, 22, 11
            |2, 24, 30, 0, 17, 15, 12, 22, 25, 8, 11, 28, 21, 19, 22, 15, 31, 19, 21, 25, 22
            |17, 37, 46, 17, 0, 11, 18, 10, 38, 24, 27, 44, 10, 28, 12, 29, 39, 35, 8, 40, 39
            |13, 28, 43, 15, 11, 0, 9, 9, 29, 18, 21, 37, 7, 18, 8, 29, 28, 33, 9, 33, 34
            |9, 20, 37, 12, 18, 9, 0, 18, 21, 12, 14, 29, 16, 10, 16, 25, 21, 27, 18, 24, 27
            |21, 38, 52, 22, 10, 9, 18, 0, 38, 28, 30, 46, 2, 27, 3, 37, 35, 42, 2, 42, 43
            |23, 1, 28, 25, 38, 29, 21, 38, 0, 17, 15, 12, 36, 12, 36, 28, 15, 24, 39, 7, 18
            |7, 16, 25, 8, 24, 18, 12, 28, 17, 0, 3, 20, 25, 14, 26, 15, 26, 16, 27, 17, 16
            |10, 13, 23, 11, 27, 21, 14, 30, 15, 3, 0, 17, 28, 14, 29, 15, 25, 14, 30, 14, 13
            |27, 12, 17, 28, 44, 37, 29, 46, 12, 20, 17, 0, 44, 23, 44, 24, 27, 17, 46, 5, 9
            |19, 35, 50, 21, 10, 7, 16, 2, 36, 25, 28, 44, 0, 25, 2, 35, 33, 40, 3, 40, 41
            |17, 12, 36, 19, 28, 18, 10, 27, 12, 14, 14, 23, 25, 0, 24, 29, 12, 28, 27, 18, 25
            |21, 35, 51, 22, 12, 8, 16, 3, 36, 26, 29, 44, 2, 24, 0, 36, 32, 41, 5, 40, 42
            |16, 27, 18, 15, 29, 29, 25, 37, 28, 15, 15, 24, 35, 29, 36, 0, 40, 8, 35, 25, 15
            |29, 16, 43, 31, 39, 28, 21, 35, 15, 26, 25, 27, 33, 12, 32, 40, 0, 38, 36, 22, 32
            |20, 23, 11, 19, 35, 33, 27, 42, 24, 16, 14, 17, 40, 28, 41, 8, 38, 0, 41, 19, 8
            |21, 38, 51, 21, 8, 9, 18, 2, 39, 27, 30, 46, 3, 27, 5, 35, 36, 41, 0, 42, 43
            |24, 6, 22, 25, 40, 33, 24, 42, 7, 17, 14, 5, 40, 18, 40, 25, 22, 19, 42, 0, 12
            |22, 16, 11, 22, 39, 34, 27, 43, 18, 16, 13, 9, 41, 25, 42, 15, 32, 8, 43, 12, 0|];
early = [0, 0, 126, 0, 22, 53, 0, 72, 0, 0, 0, 113, 11, 0, 18, 58, 0, 227, 127, 0, 233];
late = [401, 162, 298, 102, 244, 231, 95, 241, 205, 130, 134, 326, 181, 167, 239, 234, 170, 381, 377, 168, 377];
solution = [19, 20, 21, 10, 1, 13, 4, 6, 2, 16, 7, 3, 15, 17, 14, 5, 9, 12, 18, 11, 8, 347, 127, 251, 81, 17, 188, 93, 197, 128, 73, 107, 268, 181, 155, 179, 51, 143, 285, 326, 121, 240];