bench_20_0	0	1226	false	--	[46, 24, 39, 47, 42, 48, 47, 45, 43, 43, 48, 48, 47, 41, 44, 42, 45, 42, 44, 42, 41, 46, 23, 32, 48, 23, 21, 22, 16, 15, 14, 25, 13, 46, 47, 41, 17, 27, 24, 29, 39, 20, 40, 40, 6, 12, 21, 14, 8, 16, 11, 10, 35, 31, 29, 22, 20, 15, 9, 4, 18, 7, 34, 19, 3, 28, 32, 26, 39, 2, 45, 19, 18, 31, 38, 38, 34, 33, 33, 37, 36, 27, 37, 26, 28, 1, 35, 44, 44, 30, 30, 30, 17, 4, 3, 2, 1, 5, 29, 25, 7, 13, 12, 11, 10, 9, 8, 6, 5, 36, 48]
bench_20_1	0	14288	false	--	[46, 26, 42, 50, 43, 48, 50, 47, 44, 45, 48, 48, 44, 42, 49, 41, 47, 41, 49, 44, 43, 46, 23, 34, 48, 26, 31, 31, 25, 25, 24, 27, 24, 48, 50, 41, 17, 11, 23, 32, 36, 30, 39, 38, 6, 22, 21, 14, 18, 16, 21, 20, 39, 33, 32, 22, 20, 15, 19, 4, 18, 17, 38, 29, 3, 32, 29, 10, 37, 2, 47, 19, 28, 28, 35, 34, 37, 36, 35, 40, 40, 9, 33, 8, 27, 1, 31, 45, 46, 16, 14, 15, 7, 4, 3, 2, 1, 5, 13, 12, 7, 13, 12, 11, 10, 9, 8, 6, 5, 30, 49]
bench_20_10	0	1243	false	--	[47, 30, 41, 48, 43, 49, 48, 46, 44, 43, 49, 49, 48, 42, 45, 42, 46, 42, 45, 42, 42, 47, 23, 10, 49, 30, 20, 21, 29, 29, 28, 33, 28, 46, 47, 41, 17, 8, 33, 35, 39, 19, 40, 40, 25, 27, 21, 14, 25, 16, 27, 26, 15, 9, 35, 22, 20, 15, 26, 32, 18, 24, 14, 18, 32, 34, 36, 7, 39, 31, 45, 19, 17, 36, 39, 38, 13, 12, 11, 37, 35, 6, 38, 5, 34, 23, 16, 44, 44, 22, 3, 4, 31, 4, 3, 2, 1, 24, 2, 1, 7, 13, 12, 11, 10, 9, 8, 6, 5, 37, 48]
bench_20_11	0	2608	false	--	[46, 24, 31, 43, 34, 48, 43, 47, 43, 43, 48, 48, 43, 32, 44, 35, 47, 35, 44, 35, 33, 46, 23, 27, 48, 24, 28, 28, 15, 16, 14, 18, 13, 45, 46, 42, 17, 22, 17, 30, 40, 27, 42, 41, 6, 12, 21, 14, 8, 16, 11, 10, 40, 26, 30, 22, 20, 15, 9, 4, 18, 7, 39, 26, 3, 29, 35, 21, 40, 2, 45, 19, 25, 34, 39, 38, 38, 37, 36, 41, 30, 20, 37, 19, 29, 1, 28, 44, 44, 33, 25, 25, 23, 4, 3, 2, 1, 5, 32, 31, 7, 13, 12, 11, 10, 9, 8, 6, 5, 36, 47]
bench_20_12	0	1943	false	--	[48, 35, 40, 44, 43, 49, 49, 48, 44, 44, 49, 49, 49, 42, 47, 43, 48, 43, 47, 43, 42, 48, 23, 37, 49, 34, 20, 21, 33, 32, 31, 30, 30, 46, 45, 42, 17, 32, 29, 34, 40, 19, 41, 41, 25, 29, 21, 14, 25, 16, 28, 27, 14, 36, 35, 22, 20, 15, 26, 28, 18, 24, 13, 18, 27, 33, 9, 31, 40, 26, 46, 19, 17, 8, 39, 39, 12, 11, 10, 37, 16, 6, 38, 5, 22, 23, 15, 45, 45, 7, 3, 4, 36, 4, 3, 2, 1, 24, 2, 1, 7, 13, 12, 11, 10, 9, 8, 6, 5, 38, 47]
bench_20_13	0	6092	false	--	[47, 29, 43, 44, 42, 49, 44, 48, 44, 44, 49, 49, 44, 40, 45, 43, 48, 43, 45, 43, 41, 47, 24, 28, 49, 28, 33, 33, 27, 26, 25, 25, 23, 46, 47, 42, 17, 26, 23, 32, 39, 32, 41, 40, 6, 22, 21, 14, 18, 16, 21, 20, 38, 27, 35, 22, 20, 15, 19, 4, 18, 17, 37, 31, 3, 31, 14, 24, 39, 2, 46, 19, 30, 13, 39, 38, 36, 35, 29, 33, 16, 34, 37, 34, 30, 1, 15, 45, 45, 12, 10, 11, 7, 4, 3, 2, 1, 5, 9, 8, 7, 13, 12, 11, 10, 9, 8, 6, 5, 36, 48]
bench_20_14	0	18972	false	--	[48, 24, 47, 35, 42, 45, 35, 43, 35, 48, 45, 45, 35, 40, 49, 34, 43, 34, 49, 34, 41, 49, 23, 32, 46, 23, 21, 22, 16, 15, 14, 25, 13, 37, 47, 46, 17, 27, 25, 29, 33, 20, 45, 44, 6, 12, 21, 14, 8, 16, 11, 10, 37, 32, 29, 22, 20, 15, 9, 4, 18, 7, 36, 19, 3, 28, 31, 26, 33, 2, 36, 19, 18, 31, 43, 42, 35, 34, 33, 39, 38, 26, 41, 24, 27, 1, 38, 39, 39, 30, 30, 30, 17, 4, 3, 2, 1, 5, 29, 28, 7, 13, 12, 11, 10, 9, 8, 6, 5, 40, 44]
bench_20_15	14	180000	false	--	[46, 18, 44, 41, 40, 49, 49, 48, 41, 45, 49, 47, 43, 38, 47, 39, 48, 39, 47, 39, 38, 46, 23, 35, 49, 17, 27, 27, 16, 15, 14, 24, 13, 46, 48, 43, 17, 26, 24, 28, 40, 26, 42, 41, 6, 12, 21, 14, 8, 16, 11, 10, 35, 31, 29, 22, 20, 15, 9, 4, 18, 7, 34, 25, 3, 28, 34, 25, 40, 2, 45, 19, 23, 33, 39, 38, 33, 32, 30, 37, 36, 21, 37, 19, 22, 1, 27, 42, 42, 32, 31, 31, 20, 4, 3, 2, 1, 5, 30, 29, 7, 13, 12, 11, 10, 9, 8, 6, 5, 36, 44]
bench_20_16	0	1788	false	--	[46, 16, 41, 49, 42, 48, 49, 47, 43, 43, 48, 49, 43, 41, 45, 42, 47, 42, 46, 42, 41, 46, 23, 25, 48, 15, 4, 26, 14, 13, 12, 25, 11, 45, 47, 40, 17, 29, 24, 30, 38, 3, 40, 39, 18, 10, 21, 14, 6, 16, 9, 8, 38, 24, 30, 22, 20, 15, 7, 22, 18, 5, 37, 2, 21, 28, 34, 29, 38, 20, 44, 19, 1, 33, 39, 34, 36, 35, 30, 37, 36, 28, 33, 27, 27, 19, 35, 44, 44, 32, 31, 31, 23, 4, 3, 2, 1, 17, 31, 26, 7, 13, 12, 11, 10, 9, 8, 6, 5, 32, 48]
bench_20_17	0	2837	false	--	[48, 16, 44, 39, 45, 48, 49, 47, 39, 46, 49, 48, 49, 45, 43, 38, 47, 38, 46, 38, 45, 48, 23, 27, 49, 15, 4, 19, 14, 13, 12, 29, 11, 42, 44, 43, 17, 21, 28, 31, 35, 3, 42, 41, 18, 10, 21, 14, 6, 16, 9, 8, 35, 26, 31, 22, 20, 15, 7, 27, 18, 5, 31, 2, 26, 30, 34, 20, 35, 25, 41, 19, 1, 34, 40, 39, 29, 28, 22, 37, 36, 25, 38, 24, 30, 23, 36, 40, 40, 33, 33, 33, 24, 4, 3, 2, 1, 17, 32, 32, 7, 13, 12, 11, 10, 9, 8, 6, 5, 37, 47]
bench_20_18	0	2377	false	--	[48, 16, 42, 49, 43, 47, 44, 48, 44, 44, 47, 47, 49, 34, 46, 43, 48, 43, 46, 43, 42, 48, 23, 32, 47, 15, 4, 19, 14, 13, 12, 26, 11, 46, 47, 41, 17, 28, 26, 22, 33, 3, 40, 39, 18, 10, 21, 14, 6, 16, 9, 8, 38, 31, 29, 22, 20, 15, 7, 25, 18, 5, 37, 2, 25, 21, 34, 28, 33, 24, 45, 19, 1, 33, 38, 37, 36, 35, 29, 41, 40, 27, 36, 27, 20, 23, 39, 45, 45, 32, 30, 30, 24, 4, 3, 2, 1, 17, 31, 30, 7, 13, 12, 11, 10, 9, 8, 6, 5, 35, 49]
bench_20_19	0	1420	false	--	[46, 18, 43, 41, 44, 48, 41, 47, 41, 40, 48, 48, 41, 43, 46, 39, 47, 39, 46, 39, 43, 46, 23, 34, 48, 17, 25, 26, 16, 15, 14, 20, 13, 45, 44, 42, 17, 28, 19, 28, 38, 25, 41, 40, 6, 12, 21, 14, 8, 16, 11, 10, 37, 33, 28, 22, 20, 15, 9, 4, 18, 7, 36, 24, 3, 22, 32, 26, 38, 2, 42, 19, 24, 31, 39, 38, 35, 33, 34, 35, 32, 27, 37, 27, 21, 1, 30, 45, 45, 31, 30, 30, 23, 4, 3, 2, 1, 5, 29, 29, 7, 13, 12, 11, 10, 9, 8, 6, 5, 36, 47]
bench_20_2	0	4319	false	--	[47, 30, 30, 48, 43, 49, 48, 46, 42, 44, 49, 49, 42, 43, 45, 41, 46, 41, 45, 41, 43, 47, 23, 14, 49, 29, 9, 10, 28, 27, 26, 33, 25, 46, 47, 42, 17, 26, 32, 11, 40, 8, 41, 39, 24, 22, 21, 14, 18, 16, 21, 20, 40, 13, 12, 22, 20, 15, 19, 32, 18, 17, 36, 7, 31, 4, 39, 25, 40, 31, 45, 19, 6, 38, 38, 37, 33, 16, 15, 29, 28, 2, 35, 1, 3, 24, 27, 44, 44, 37, 36, 36, 5, 4, 3, 2, 1, 23, 35, 34, 7, 13, 12, 11, 10, 9, 8, 6, 5, 34, 48]
bench_20_3	0	1254	false	--	[48, 30, 40, 41, 39, 50, 41, 49, 41, 47, 50, 50, 49, 33, 46, 34, 49, 47, 48, 47, 33, 48, 23, 34, 50, 29, 14, 15, 29, 28, 28, 10, 27, 45, 50, 46, 17, 2, 9, 16, 38, 13, 45, 44, 24, 27, 21, 14, 25, 16, 26, 26, 39, 33, 20, 22, 20, 15, 25, 8, 18, 23, 38, 12, 7, 4, 32, 1, 38, 6, 44, 19, 11, 32, 43, 42, 37, 36, 35, 37, 36, 19, 41, 18, 3, 5, 35, 42, 43, 31, 30, 31, 17, 4, 3, 2, 1, 24, 22, 21, 7, 13, 12, 11, 10, 9, 8, 6, 5, 40, 25]
bench_20_4	0	2744	false	--	[47, 16, 42, 45, 44, 49, 45, 48, 45, 44, 49, 49, 45, 42, 46, 43, 48, 43, 46, 43, 43, 47, 23, 33, 49, 15, 4, 23, 14, 13, 12, 29, 11, 47, 48, 41, 17, 31, 28, 25, 38, 3, 41, 40, 18, 10, 21, 14, 6, 16, 9, 8, 38, 32, 26, 22, 20, 15, 7, 27, 18, 5, 37, 2, 26, 24, 33, 30, 40, 25, 46, 19, 1, 32, 37, 36, 36, 35, 34, 39, 39, 21, 35, 20, 22, 24, 31, 45, 45, 29, 30, 30, 19, 4, 3, 2, 1, 17, 28, 27, 7, 12, 13, 11, 10, 9, 8, 6, 5, 34, 49]
bench_20_5	0	2302	false	--	[48, 18, 39, 37, 40, 49, 48, 47, 37, 46, 49, 49, 48, 36, 44, 41, 47, 41, 45, 46, 36, 48, 23, 33, 49, 17, 27, 27, 16, 15, 14, 26, 13, 43, 47, 45, 17, 22, 25, 29, 35, 26, 44, 43, 6, 12, 21, 14, 8, 16, 11, 10, 38, 33, 29, 22, 20, 15, 9, 4, 18, 7, 37, 25, 3, 28, 32, 21, 35, 2, 42, 19, 23, 32, 42, 41, 36, 35, 34, 34, 29, 20, 40, 19, 28, 1, 27, 38, 38, 31, 30, 31, 24, 4, 3, 2, 1, 5, 30, 24, 7, 13, 12, 11, 10, 9, 8, 6, 5, 39, 49]
bench_20_6	0	2329	false	--	[48, 30, 39, 41, 47, 50, 41, 49, 41, 38, 50, 50, 41, 40, 46, 36, 49, 36, 48, 37, 40, 48, 23, 33, 50, 29, 21, 22, 29, 28, 28, 10, 27, 45, 47, 46, 17, 2, 9, 15, 43, 20, 45, 44, 24, 27, 21, 14, 24, 16, 26, 26, 35, 32, 16, 22, 20, 15, 25, 8, 18, 23, 35, 19, 7, 14, 32, 1, 43, 6, 44, 19, 18, 31, 42, 41, 34, 34, 33, 38, 37, 12, 40, 11, 13, 5, 36, 42, 43, 30, 31, 31, 17, 4, 3, 2, 1, 25, 4, 3, 7, 13, 12, 11, 10, 9, 8, 6, 5, 39, 49]
bench_20_7	0	1681	false	--	[48, 30, 46, 40, 39, 49, 40, 43, 40, 47, 50, 50, 45, 38, 49, 46, 43, 46, 49, 46, 38, 48, 23, 34, 50, 29, 21, 22, 29, 28, 28, 10, 27, 48, 50, 45, 17, 2, 9, 31, 37, 20, 44, 43, 25, 27, 21, 14, 24, 16, 26, 26, 36, 32, 32, 22, 20, 15, 25, 8, 18, 23, 36, 19, 7, 31, 33, 1, 37, 6, 47, 19, 18, 16, 42, 41, 35, 35, 33, 38, 37, 12, 40, 11, 30, 5, 34, 41, 42, 15, 13, 14, 17, 4, 3, 2, 1, 24, 4, 3, 7, 13, 12, 11, 10, 9, 8, 6, 5, 39, 44]
bench_20_8	0	3921	false	--	[46, 18, 41, 47, 43, 49, 45, 48, 45, 43, 49, 49, 47, 41, 46, 40, 48, 40, 46, 42, 42, 46, 23, 31, 49, 17, 25, 25, 16, 15, 14, 24, 13, 45, 47, 40, 17, 27, 23, 28, 38, 22, 39, 39, 6, 12, 21, 14, 8, 16, 11, 10, 38, 30, 28, 22, 20, 15, 9, 4, 18, 7, 37, 21, 3, 28, 33, 24, 38, 2, 44, 19, 20, 32, 37, 36, 36, 35, 34, 33, 32, 26, 35, 26, 27, 1, 25, 44, 44, 31, 29, 29, 19, 4, 3, 2, 1, 5, 30, 29, 7, 13, 12, 11, 10, 9, 8, 6, 5, 34, 48]
bench_20_9	0	3139	false	--	[46, 23, 38, 47, 42, 49, 43, 48, 43, 44, 49, 49, 47, 34, 45, 43, 48, 43, 45, 43, 34, 46, 23, 36, 49, 15, 4, 29, 14, 13, 12, 28, 11, 46, 47, 42, 17, 30, 27, 26, 37, 3, 41, 41, 18, 10, 21, 14, 6, 16, 9, 8, 38, 35, 27, 22, 20, 15, 7, 26, 18, 5, 37, 2, 25, 25, 34, 29, 37, 24, 45, 19, 1, 33, 40, 40, 36, 35, 28, 33, 32, 21, 39, 20, 24, 16, 31, 44, 44, 32, 30, 30, 19, 4, 3, 2, 1, 17, 31, 22, 7, 13, 12, 11, 10, 9, 8, 6, 5, 39, 48]
bench_2_0	118	180000	false	--	[49, 37, 1, 46, 4, 50, 46, 49, 46, 45, 50, 50, 46, 2, 48, 22, 49, 45, 48, 45, 3, 49, 23, 37, 50, 36, 42, 43, 35, 34, 33, 44, 32, 47, 48, 16, 17, 27, 43, 28, 12, 41, 15, 14, 25, 31, 21, 14, 27, 16, 30, 29, 21, 23, 29, 22, 20, 15, 28, 42, 18, 26, 20, 40, 41, 25, 36, 26, 13, 40, 47, 19, 39, 35, 11, 10, 19, 18, 17, 7, 6, 44, 9, 38, 24, 39, 5, 46, 46, 34, 32, 33, 38, 4, 3, 2, 1, 24, 31, 30, 7, 13, 12, 11, 10, 9, 8, 6, 5, 8, 50]
bench_2_1	74	180000	false	--	[51, 37, 14, 21, 3, 52, 53, 50, 21, 20, 52, 50, 53, 1, 48, 4, 50, 15, 49, 16, 2, 51, 23, 36, 52, 36, 46, 47, 35, 34, 33, 44, 32, 48, 49, 13, 17, 41, 43, 28, 9, 46, 12, 11, 25, 31, 21, 14, 27, 16, 30, 29, 44, 35, 29, 22, 20, 15, 28, 42, 18, 26, 43, 45, 41, 27, 34, 38, 10, 40, 47, 19, 45, 33, 8, 7, 42, 37, 23, 19, 18, 40, 6, 39, 26, 39, 17, 22, 22, 32, 30, 31, 38, 4, 3, 2, 1, 24, 25, 24, 7, 13, 12, 11, 10, 9, 8, 6, 5, 5, 51]
bench_2_10	234	180000	false	--	[48, 31, 42, 44, 43, 49, 49, 47, 44, 44, 49, 49, 49, 42, 46, 43, 47, 43, 46, 43, 42, 48, 23, 2, 49, 31, 35, 36, 30, 30, 29, 34, 29, 46, 47, 41, 17, 6, 33, 9, 40, 35, 41, 40, 25, 28, 21, 14, 26, 16, 28, 27, 22, 1, 10, 22, 20, 15, 27, 33, 18, 26, 21, 34, 32, 8, 19, 5, 40, 32, 45, 19, 23, 16, 39, 39, 20, 4, 3, 37, 37, 18, 38, 17, 7, 25, 36, 45, 45, 15, 13, 14, 24, 4, 3, 2, 1, 24, 12, 11, 7, 13, 12, 11, 10, 9, 8, 6, 5, 38, 48]
bench_2_11	218	180000	false	--	[48, 31, 42, 50, 43, 49, 50, 48, 44, 44, 49, 49, 50, 42, 47, 43, 48, 43, 47, 43, 42, 50, 23, 2, 49, 31, 35, 36, 30, 30, 29, 34, 29, 46, 47, 41, 17, 6, 33, 9, 40, 35, 41, 40, 25, 28, 21, 14, 26, 16, 28, 27, 22, 1, 10, 22, 20, 15, 27, 33, 18, 26, 21, 34, 32, 8, 19, 5, 40, 32, 45, 19, 23, 16, 39, 39, 20, 4, 3, 37, 37, 18, 38, 17, 7, 25, 36, 45, 46, 15, 13, 14, 24, 4, 3, 2, 1, 24, 12, 11, 7, 13, 12, 11, 10, 9, 8, 6, 5, 38, 49]
bench_2_12	178	180000	false	--	[48, 37, 42, 44, 43, 49, 44, 47, 44, 44, 49, 49, 44, 42, 46, 43, 47, 43, 46, 43, 42, 48, 23, 13, 49, 36, 33, 34, 35, 34, 33, 31, 32, 46, 47, 41, 17, 37, 30, 19, 40, 32, 41, 40, 25, 31, 21, 14, 27, 16, 30, 29, 22, 12, 20, 22, 20, 15, 28, 29, 18, 26, 21, 25, 28, 18, 11, 23, 40, 27, 45, 19, 24, 10, 39, 39, 16, 15, 14, 3, 2, 36, 38, 35, 17, 26, 1, 45, 45, 9, 7, 8, 38, 4, 3, 2, 1, 24, 6, 5, 7, 13, 12, 11, 10, 9, 8, 6, 5, 4, 48]
bench_2_13	340	180000	false	--	[49, 30, 42, 48, 43, 50, 48, 49, 45, 44, 50, 50, 50, 42, 47, 43, 49, 43, 47, 43, 42, 47, 23, 33, 50, 29, 14, 15, 29, 28, 28, 10, 27, 46, 48, 41, 17, 2, 9, 19, 40, 13, 41, 40, 24, 27, 21, 14, 25, 16, 26, 26, 36, 33, 20, 22, 20, 15, 25, 8, 18, 23, 35, 12, 7, 4, 32, 1, 40, 6, 46, 19, 11, 31, 39, 39, 35, 34, 34, 37, 37, 18, 38, 16, 3, 5, 36, 44, 45, 31, 30, 32, 17, 4, 3, 2, 1, 24, 22, 21, 7, 13, 12, 11, 10, 9, 8, 6, 5, 38, 25]
bench_2_14	388	180000	false	--	[48, 16, 41, 48, 42, 47, 43, 46, 43, 43, 47, 47, 48, 41, 45, 42, 46, 42, 45, 42, 41, 48, 23, 32, 47, 15, 4, 25, 14, 13, 12, 24, 11, 45, 46, 40, 17, 27, 24, 28, 39, 3, 40, 39, 18, 10, 21, 14, 6, 16, 9, 8, 35, 32, 28, 22, 20, 15, 7, 23, 18, 5, 34, 2, 22, 28, 31, 26, 39, 21, 44, 19, 1, 31, 38, 38, 34, 33, 33, 36, 36, 26, 37, 25, 27, 20, 35, 44, 44, 30, 30, 30, 19, 4, 3, 2, 1, 17, 29, 29, 7, 13, 12, 11, 10, 9, 8, 6, 5, 37, 47]
bench_2_15	484	180000	false	--	[47, 18, 41, 43, 42, 48, 43, 46, 43, 43, 48, 48, 43, 41, 45, 42, 46, 42, 45, 42, 41, 47, 23, 32, 48, 17, 24, 25, 16, 15, 14, 21, 13, 45, 46, 40, 17, 27, 20, 28, 39, 24, 40, 39, 6, 12, 21, 14, 8, 16, 11, 10, 35, 32, 28, 22, 20, 15, 9, 4, 18, 7, 34, 23, 3, 28, 31, 26, 39, 2, 44, 19, 22, 31, 38, 38, 34, 33, 33, 36, 36, 26, 37, 25, 27, 1, 35, 44, 44, 30, 30, 30, 19, 4, 3, 2, 1, 5, 29, 29, 7, 13, 12, 11, 10, 9, 8, 6, 5, 37, 47]
bench_2_16	357	180000	false	--	[48, 30, 42, 48, 43, 49, 44, 47, 44, 44, 49, 49, 48, 42, 46, 43, 47, 43, 46, 43, 42, 48, 23, 33, 49, 29, 14, 15, 29, 28, 28, 10, 27, 46, 47, 41, 17, 2, 9, 19, 40, 13, 41, 40, 24, 27, 21, 14, 25, 16, 26, 26, 36, 33, 20, 22, 20, 15, 25, 8, 18, 23, 35, 12, 7, 4, 32, 1, 40, 6, 45, 19, 11, 32, 39, 39, 35, 34, 34, 37, 37, 18, 38, 16, 3, 5, 36, 45, 45, 31, 30, 31, 17, 4, 3, 2, 1, 24, 22, 21, 7, 13, 12, 11, 10, 9, 8, 6, 5, 38, 25]
bench_2_17	392	180000	false	--	[47, 27, 41, 43, 42, 48, 43, 46, 43, 43, 48, 48, 43, 41, 45, 42, 46, 42, 45, 42, 41, 47, 23, 32, 48, 26, 15, 16, 26, 25, 25, 11, 24, 45, 46, 40, 17, 4, 10, 28, 39, 14, 40, 39, 24, 22, 21, 14, 18, 16, 21, 20, 35, 32, 28, 22, 20, 15, 19, 9, 18, 17, 34, 13, 8, 28, 31, 3, 39, 7, 44, 19, 12, 31, 38, 38, 34, 33, 33, 36, 36, 2, 37, 1, 27, 6, 35, 44, 44, 30, 30, 30, 5, 4, 3, 2, 1, 23, 29, 29, 7, 13, 12, 11, 10, 9, 8, 6, 5, 37, 47]
bench_2_18	136	180000	false	--	[49, 37, 42, 49, 43, 48, 44, 47, 44, 44, 48, 48, 49, 42, 46, 43, 47, 43, 46, 43, 42, 49, 23, 13, 48, 36, 33, 34, 35, 34, 33, 31, 32, 46, 47, 41, 17, 37, 30, 19, 40, 32, 41, 40, 25, 31, 21, 14, 27, 16, 30, 29, 22, 12, 20, 22, 20, 15, 28, 29, 18, 26, 21, 25, 28, 18, 11, 23, 40, 27, 45, 19, 24, 10, 39, 39, 16, 15, 14, 3, 2, 36, 38, 35, 17, 26, 1, 45, 45, 9, 7, 8, 38, 4, 3, 2, 1, 24, 6, 5, 7, 13, 12, 11, 10, 9, 8, 6, 5, 4, 48]
bench_2_19	70	180000	false	--	[19, 37, 17, 15, 7, 21, 15, 18, 12, 11, 21, 22, 53, 5, 3, 8, 18, 9, 4, 10, 6, 19, 23, 52, 21, 36, 48, 49, 35, 34, 33, 44, 32, 2, 16, 53, 17, 51, 43, 47, 35, 47, 52, 37, 25, 31, 21, 14, 27, 16, 30, 29, 30, 38, 48, 22, 20, 15, 28, 42, 18, 26, 29, 46, 41, 46, 49, 50, 36, 40, 1, 19, 45, 44, 34, 33, 28, 27, 26, 31, 25, 51, 23, 50, 45, 39, 24, 13, 14, 43, 41, 42, 38, 4, 3, 2, 1, 24, 40, 39, 7, 13, 12, 11, 10, 9, 8, 6, 5, 32, 20]
bench_2_2	198	180000	false	--	[49, 37, 20, 45, 44, 50, 45, 48, 45, 45, 50, 50, 45, 21, 47, 44, 48, 44, 47, 44, 22, 49, 23, 18, 50, 36, 43, 43, 35, 34, 33, 41, 32, 47, 48, 19, 17, 25, 41, 30, 13, 42, 16, 15, 25, 31, 21, 14, 27, 16, 30, 29, 9, 17, 31, 22, 20, 15, 28, 40, 18, 26, 8, 42, 40, 29, 37, 24, 14, 39, 46, 19, 38, 36, 4, 3, 7, 6, 5, 12, 11, 27, 2, 26, 28, 39, 10, 46, 46, 35, 33, 34, 38, 4, 2, 3, 1, 24, 32, 23, 7, 13, 12, 11, 10, 9, 8, 6, 5, 1, 49]
bench_2_3	128	180000	false	--	[51, 37, 14, 49, 17, 52, 18, 50, 18, 4, 52, 52, 49, 15, 48, 1, 50, 2, 48, 3, 16, 51, 23, 25, 52, 36, 48, 49, 35, 34, 33, 44, 32, 22, 50, 13, 17, 40, 43, 42, 9, 47, 12, 11, 25, 31, 21, 14, 27, 16, 30, 29, 37, 24, 43, 22, 20, 15, 28, 42, 18, 26, 36, 46, 41, 41, 32, 39, 10, 40, 21, 19, 45, 31, 8, 7, 35, 34, 33, 47, 44, 46, 6, 45, 38, 39, 23, 19, 20, 30, 28, 29, 38, 4, 3, 2, 1, 24, 27, 26, 7, 13, 12, 11, 10, 9, 8, 6, 5, 5, 51]
bench_2_4	113	180000	false	--	[51, 37, 14, 49, 17, 52, 49, 50, 18, 4, 52, 52, 49, 15, 48, 1, 50, 2, 48, 3, 16, 51, 23, 25, 52, 36, 48, 49, 35, 34, 33, 44, 32, 22, 50, 13, 17, 40, 43, 42, 9, 47, 12, 11, 25, 31, 21, 14, 27, 16, 30, 29, 37, 24, 43, 22, 20, 15, 28, 42, 18, 26, 36, 46, 41, 41, 32, 39, 10, 40, 21, 19, 45, 31, 8, 7, 35, 34, 33, 47, 44, 46, 6, 45, 38, 39, 23, 19, 20, 30, 28, 29, 38, 4, 3, 2, 1, 24, 27, 26, 7, 13, 12, 11, 10, 9, 8, 6, 5, 5, 51]
bench_2_5	257	180000	false	--	[48, 30, 42, 44, 43, 49, 44, 47, 44, 44, 49, 49, 44, 42, 46, 43, 47, 43, 46, 43, 42, 48, 23, 22, 49, 30, 20, 21, 29, 29, 28, 33, 28, 46, 47, 41, 17, 8, 33, 11, 40, 19, 41, 40, 25, 27, 21, 14, 25, 16, 27, 26, 36, 16, 12, 22, 20, 15, 26, 32, 18, 24, 35, 18, 32, 10, 15, 7, 40, 31, 45, 19, 17, 14, 39, 39, 35, 34, 34, 37, 37, 6, 38, 5, 9, 23, 36, 45, 45, 13, 3, 4, 31, 4, 3, 2, 1, 24, 2, 1, 7, 13, 12, 11, 10, 9, 8, 6, 5, 38, 48]
bench_2_6	280	180000	false	--	[47, 27, 41, 48, 42, 48, 43, 46, 43, 43, 48, 48, 43, 41, 45, 42, 46, 42, 45, 42, 41, 47, 23, 32, 48, 26, 15, 16, 26, 25, 25, 11, 24, 45, 46, 40, 17, 4, 10, 28, 39, 14, 40, 39, 24, 22, 21, 14, 18, 16, 21, 20, 35, 32, 28, 22, 20, 15, 19, 9, 18, 17, 34, 13, 8, 28, 31, 3, 39, 7, 44, 19, 12, 31, 38, 38, 34, 33, 33, 36, 36, 2, 37, 1, 27, 6, 35, 44, 44, 30, 30, 30, 5, 4, 3, 2, 1, 23, 29, 29, 7, 13, 12, 11, 10, 9, 8, 6, 5, 37, 47]
bench_2_7	94	180000	false	--	[50, 37, 15, 21, 3, 51, 51, 49, 21, 20, 51, 51, 51, 1, 48, 4, 49, 14, 48, 16, 2, 50, 23, 36, 51, 36, 46, 47, 35, 34, 33, 44, 32, 48, 49, 13, 17, 41, 43, 28, 9, 46, 12, 11, 25, 31, 21, 14, 27, 16, 30, 29, 44, 35, 29, 22, 20, 15, 28, 42, 18, 26, 43, 45, 41, 27, 34, 38, 10, 40, 47, 19, 45, 33, 8, 7, 42, 37, 23, 19, 18, 40, 6, 39, 26, 39, 17, 22, 22, 32, 30, 31, 38, 4, 3, 2, 1, 24, 25, 24, 7, 13, 12, 11, 10, 9, 8, 6, 5, 5, 50]
bench_2_8	586	180000	false	--	[47, 18, 41, 43, 42, 48, 43, 46, 43, 43, 48, 48, 43, 41, 45, 42, 46, 42, 45, 42, 41, 47, 23, 32, 48, 17, 24, 25, 16, 15, 14, 21, 13, 45, 46, 40, 17, 27, 20, 28, 39, 24, 40, 39, 6, 12, 21, 14, 8, 16, 11, 10, 35, 32, 28, 22, 20, 15, 9, 4, 18, 7, 34, 23, 3, 28, 31, 26, 39, 2, 44, 19, 22, 31, 38, 38, 34, 33, 33, 36, 36, 26, 37, 25, 27, 1, 35, 44, 44, 30, 30, 30, 19, 4, 3, 2, 1, 5, 29, 29, 7, 13, 12, 11, 10, 9, 8, 6, 5, 37, 47]
bench_2_9	186	180000	false	--	[48, 31, 42, 44, 43, 49, 44, 47, 44, 44, 49, 49, 49, 42, 46, 43, 47, 43, 46, 43, 42, 48, 23, 2, 49, 31, 35, 36, 30, 30, 29, 34, 29, 46, 47, 41, 17, 6, 33, 9, 40, 35, 41, 40, 25, 28, 21, 14, 26, 16, 28, 27, 22, 1, 10, 22, 20, 15, 27, 33, 18, 26, 21, 34, 32, 8, 19, 5, 40, 32, 45, 19, 23, 16, 39, 39, 20, 4, 3, 37, 37, 18, 38, 17, 7, 25, 36, 45, 45, 15, 13, 14, 24, 4, 3, 2, 1, 24, 12, 11, 7, 13, 12, 11, 10, 9, 8, 6, 5, 38, 48]
bench_3_0	92	180000	false	--	[51, 37, 14, 49, 17, 52, 18, 51, 18, 4, 52, 52, 49, 15, 50, 1, 51, 2, 50, 3, 16, 51, 23, 25, 52, 36, 48, 49, 35, 34, 33, 44, 32, 48, 50, 13, 17, 40, 43, 42, 9, 47, 12, 11, 25, 31, 21, 14, 27, 16, 30, 29, 37, 24, 43, 22, 20, 15, 28, 42, 18, 26, 36, 46, 41, 41, 32, 39, 10, 40, 21, 19, 45, 31, 8, 7, 35, 34, 33, 47, 44, 46, 6, 45, 38, 39, 23, 19, 20, 30, 28, 29, 38, 4, 3, 2, 1, 24, 27, 26, 7, 13, 12, 11, 10, 9, 8, 6, 5, 5, 52]
bench_3_1	118	180000	false	--	[49, 30, 42, 48, 43, 45, 48, 47, 44, 44, 49, 49, 48, 42, 46, 43, 47, 43, 46, 43, 42, 49, 23, 33, 49, 29, 14, 15, 29, 28, 28, 10, 27, 46, 48, 41, 17, 2, 9, 19, 40, 13, 41, 40, 24, 27, 21, 14, 25, 16, 26, 26, 36, 33, 20, 22, 20, 15, 25, 8, 18, 23, 35, 12, 7, 4, 32, 1, 40, 6, 47, 19, 11, 32, 39, 39, 35, 34, 34, 37, 37, 18, 38, 16, 3, 5, 36, 45, 45, 31, 30, 31, 17, 4, 3, 2, 1, 24, 22, 21, 7, 13, 12, 11, 10, 9, 8, 6, 5, 38, 25]
bench_3_10	58	180000	false	--	[53, 37, 5, 16, 8, 53, 16, 52, 13, 12, 53, 54, 13, 6, 14, 9, 52, 10, 15, 11, 7, 54, 23, 27, 54, 36, 48, 49, 35, 34, 33, 44, 32, 4, 51, 35, 17, 46, 42, 41, 21, 47, 34, 23, 25, 31, 21, 14, 27, 16, 30, 29, 30, 26, 42, 22, 20, 15, 28, 43, 18, 26, 29, 46, 41, 40, 51, 45, 22, 40, 3, 19, 45, 49, 20, 19, 28, 25, 24, 33, 32, 50, 18, 50, 39, 39, 31, 1, 2, 48, 44, 47, 38, 4, 3, 2, 1, 24, 43, 38, 7, 13, 12, 11, 10, 9, 8, 6, 5, 17, 52]
bench_3_11	163	180000	false	--	[48, 30, 42, 44, 43, 48, 44, 47, 44, 44, 48, 48, 44, 42, 46, 43, 47, 43, 46, 43, 42, 48, 23, 33, 48, 29, 14, 15, 29, 28, 28, 10, 27, 46, 47, 41, 17, 2, 9, 19, 40, 13, 41, 40, 24, 27, 21, 14, 25, 16, 26, 26, 36, 33, 20, 22, 20, 15, 25, 8, 18, 23, 35, 12, 7, 4, 32, 1, 40, 6, 45, 19, 11, 32, 39, 39, 35, 34, 34, 37, 37, 18, 38, 16, 3, 5, 36, 45, 45, 31, 30, 31, 17, 4, 3, 2, 1, 24, 22, 21, 7, 13, 12, 11, 10, 9, 8, 6, 5, 38, 25]
bench_3_12	73	180000	false	--	[51, 37, 14, 49, 17, 52, 18, 51, 18, 4, 52, 22, 49, 15, 50, 1, 51, 2, 50, 3, 16, 51, 23, 25, 52, 36, 48, 49, 35, 34, 33, 44, 32, 48, 50, 13, 17, 40, 43, 42, 9, 47, 12, 11, 25, 31, 21, 14, 27, 16, 30, 29, 37, 24, 43, 22, 20, 15, 28, 42, 18, 26, 36, 46, 41, 41, 32, 39, 10, 40, 21, 19, 45, 31, 8, 7, 35, 34, 33, 47, 44, 46, 6, 45, 38, 39, 23, 19, 20, 30, 28, 29, 38, 4, 3, 2, 1, 24, 27, 26, 7, 13, 12, 11, 10, 9, 8, 6, 5, 5, 52]
bench_3_13	152	180000	false	--	[49, 31, 42, 50, 43, 49, 50, 48, 45, 44, 49, 51, 50, 42, 47, 43, 48, 43, 47, 43, 42, 50, 23, 2, 49, 31, 35, 36, 30, 30, 29, 34, 29, 46, 48, 41, 17, 6, 33, 9, 40, 35, 41, 40, 25, 28, 21, 14, 26, 16, 28, 27, 22, 1, 10, 22, 20, 15, 27, 33, 18, 26, 21, 34, 32, 8, 19, 5, 40, 32, 46, 19, 23, 16, 39, 39, 20, 4, 3, 37, 37, 18, 38, 17, 7, 25, 36, 44, 45, 15, 13, 14, 24, 4, 3, 2, 1, 24, 12, 11, 7, 13, 12, 11, 10, 9, 8, 6, 5, 38, 47]
bench_3_14	221	180000	false	--	[48, 37, 42, 44, 43, 49, 44, 47, 44, 44, 49, 49, 44, 42, 46, 43, 47, 43, 46, 43, 42, 48, 23, 19, 49, 36, 34, 35, 35, 34, 33, 30, 32, 46, 47, 41, 17, 18, 29, 7, 40, 33, 41, 40, 25, 31, 21, 14, 27, 16, 30, 29, 20, 16, 8, 22, 20, 15, 28, 28, 18, 26, 4, 32, 27, 6, 15, 17, 40, 25, 45, 19, 31, 14, 39, 39, 3, 2, 1, 37, 22, 36, 38, 23, 5, 24, 21, 45, 45, 13, 11, 12, 26, 4, 3, 2, 1, 24, 10, 9, 7, 13, 12, 11, 10, 9, 8, 6, 5, 38, 48]
bench_3_15	56	180000	false	--	[19, 37, 17, 15, 7, 21, 15, 18, 12, 11, 21, 22, 53, 5, 3, 8, 18, 9, 4, 10, 6, 19, 23, 52, 21, 36, 48, 49, 35, 34, 33, 44, 32, 2, 16, 53, 17, 51, 43, 47, 35, 47, 52, 37, 25, 31, 21, 14, 27, 16, 30, 29, 30, 38, 48, 22, 20, 15, 28, 42, 18, 26, 29, 46, 41, 46, 49, 50, 36, 40, 1, 19, 45, 44, 34, 33, 28, 27, 26, 31, 25, 51, 32, 50, 45, 39, 24, 13, 14, 43, 41, 42, 38, 4, 3, 2, 1, 24, 40, 39, 7, 13, 12, 11, 10, 9, 8, 6, 5, 23, 20]
bench_3_16	54	180000	false	--	[52, 37, 5, 16, 8, 37, 16, 51, 13, 12, 37, 37, 13, 6, 4, 9, 51, 10, 15, 11, 7, 52, 23, 27, 37, 36, 48, 49, 35, 34, 33, 44, 32, 14, 52, 35, 17, 46, 43, 41, 21, 47, 34, 23, 25, 31, 21, 14, 27, 16, 30, 29, 30, 26, 42, 22, 20, 15, 28, 42, 18, 26, 29, 46, 41, 40, 51, 45, 22, 40, 3, 19, 45, 49, 20, 19, 28, 25, 24, 33, 32, 50, 18, 50, 39, 39, 31, 1, 2, 48, 44, 47, 38, 4, 3, 2, 1, 24, 43, 38, 7, 13, 12, 11, 10, 9, 8, 6, 5, 17, 36]
bench_3_17	54	180000	false	--	[51, 37, 14, 50, 17, 52, 50, 49, 18, 4, 52, 52, 50, 15, 50, 1, 51, 2, 50, 3, 16, 51, 23, 25, 52, 36, 48, 49, 35, 34, 33, 44, 32, 21, 48, 13, 17, 40, 43, 42, 9, 47, 12, 11, 25, 31, 21, 14, 27, 16, 30, 29, 37, 24, 43, 22, 20, 15, 28, 42, 18, 26, 36, 46, 41, 41, 32, 39, 10, 40, 22, 19, 45, 31, 8, 7, 35, 34, 33, 47, 44, 46, 6, 45, 38, 39, 23, 19, 20, 30, 28, 29, 38, 4, 3, 2, 1, 24, 27, 26, 7, 13, 12, 11, 10, 9, 8, 6, 5, 5, 52]
bench_3_18	131	180000	false	--	[49, 37, 42, 49, 43, 50, 49, 48, 45, 44, 50, 50, 49, 43, 47, 44, 48, 44, 48, 44, 43, 49, 23, 6, 50, 36, 29, 30, 35, 34, 33, 41, 32, 46, 47, 42, 17, 32, 40, 34, 15, 28, 41, 37, 25, 31, 21, 14, 27, 16, 30, 29, 11, 5, 35, 22, 20, 15, 28, 40, 18, 26, 10, 27, 39, 33, 36, 31, 16, 39, 46, 19, 26, 22, 4, 3, 9, 8, 7, 14, 13, 25, 2, 24, 23, 38, 12, 45, 45, 21, 19, 20, 38, 4, 3, 2, 1, 24, 18, 17, 7, 13, 12, 11, 10, 9, 8, 6, 5, 1, 50]
bench_3_19	159	180000	false	--	[48, 30, 42, 44, 43, 49, 44, 47, 44, 44, 49, 49, 44, 42, 46, 43, 47, 43, 46, 43, 42, 48, 23, 22, 49, 30, 20, 21, 29, 29, 28, 33, 28, 46, 47, 41, 17, 8, 33, 11, 40, 19, 41, 40, 25, 27, 21, 14, 25, 16, 27, 26, 36, 16, 12, 22, 20, 15, 26, 32, 18, 24, 35, 18, 32, 10, 15, 7, 40, 31, 45, 19, 17, 14, 39, 39, 35, 34, 34, 37, 37, 6, 38, 5, 9, 23, 36, 45, 45, 13, 3, 4, 31, 4, 3, 2, 1, 24, 2, 1, 7, 13, 12, 11, 10, 9, 8, 6, 5, 38, 48]
bench_3_2	118	180000	false	--	[48, 37, 42, 44, 43, 49, 44, 47, 44, 44, 49, 49, 49, 42, 46, 43, 47, 43, 46, 43, 42, 48, 23, 13, 49, 36, 33, 34, 35, 34, 33, 31, 32, 46, 47, 41, 17, 37, 30, 19, 40, 32, 41, 40, 25, 31, 21, 14, 27, 16, 30, 29, 22, 12, 20, 22, 20, 15, 28, 29, 18, 26, 21, 25, 28, 18, 11, 23, 40, 27, 45, 19, 24, 10, 39, 39, 16, 15, 14, 3, 2, 36, 38, 35, 17, 26, 1, 45, 45, 9, 7, 8, 38, 4, 3, 2, 1, 24, 6, 5, 7, 13, 12, 11, 10, 9, 8, 6, 5, 4, 48]
bench_3_3	194	180000	false	--	[51, 18, 41, 49, 42, 49, 51, 46, 44, 43, 50, 49, 42, 41, 48, 43, 50, 43, 48, 43, 41, 51, 23, 32, 50, 17, 24, 25, 16, 15, 14, 21, 13, 47, 45, 40, 17, 27, 20, 28, 39, 24, 40, 39, 6, 12, 21, 14, 8, 16, 11, 10, 35, 32, 28, 22, 20, 15, 9, 4, 18, 7, 34, 23, 3, 28, 31, 26, 39, 2, 47, 19, 22, 31, 38, 38, 34, 33, 33, 36, 36, 26, 37, 25, 27, 1, 35, 45, 46, 30, 30, 30, 19, 4, 3, 2, 1, 5, 29, 29, 7, 13, 12, 11, 10, 9, 8, 6, 5, 37, 44]
bench_3_4	34	180000	false	--	[15, 37, 5, 52, 8, 52, 52, 14, 13, 12, 52, 52, 52, 6, 51, 9, 14, 10, 51, 11, 7, 15, 23, 27, 52, 36, 48, 49, 35, 34, 33, 44, 32, 4, 36, 35, 17, 46, 43, 41, 21, 47, 34, 23, 25, 31, 21, 14, 27, 16, 30, 29, 30, 26, 42, 22, 20, 15, 28, 42, 18, 26, 29, 46, 41, 40, 51, 45, 22, 40, 3, 19, 45, 49, 20, 19, 28, 25, 24, 33, 32, 50, 18, 50, 39, 39, 31, 1, 2, 48, 44, 47, 38, 4, 3, 2, 1, 24, 43, 38, 7, 13, 12, 11, 10, 9, 8, 6, 5, 17, 37]
bench_3_5	191	180000	false	--	[50, 27, 41, 49, 42, 44, 51, 46, 43, 44, 50, 51, 51, 41, 48, 42, 49, 42, 48, 42, 41, 50, 23, 32, 51, 26, 15, 16, 26, 25, 25, 11, 24, 47, 45, 40, 17, 4, 10, 28, 39, 14, 40, 39, 24, 22, 21, 14, 18, 16, 21, 20, 35, 32, 28, 22, 20, 15, 19, 9, 18, 17, 34, 13, 8, 28, 31, 3, 39, 7, 47, 19, 12, 31, 38, 38, 34, 33, 33, 36, 36, 2, 37, 1, 27, 6, 35, 45, 46, 30, 30, 30, 5, 4, 3, 2, 1, 23, 29, 29, 7, 13, 12, 11, 10, 9, 8, 6, 5, 37, 43]
bench_3_6	276	180000	false	--	[47, 16, 41, 43, 42, 48, 43, 46, 43, 43, 48, 48, 48, 41, 45, 42, 46, 42, 45, 42, 41, 47, 23, 32, 48, 15, 4, 25, 14, 13, 12, 24, 11, 45, 46, 40, 17, 27, 24, 28, 39, 3, 40, 39, 18, 10, 21, 14, 6, 16, 9, 8, 35, 32, 28, 22, 20, 15, 7, 23, 18, 5, 34, 2, 22, 28, 31, 26, 39, 21, 44, 19, 1, 31, 38, 38, 34, 33, 33, 36, 36, 26, 37, 25, 27, 20, 35, 44, 44, 30, 30, 30, 19, 4, 3, 2, 1, 17, 29, 29, 7, 13, 12, 11, 10, 9, 8, 6, 5, 37, 47]
bench_3_7	208	180000	false	--	[47, 30, 42, 44, 43, 49, 49, 47, 44, 44, 49, 49, 49, 42, 46, 43, 47, 43, 46, 43, 42, 47, 23, 22, 49, 30, 20, 21, 29, 29, 28, 33, 28, 46, 48, 41, 17, 8, 33, 11, 40, 19, 41, 40, 25, 27, 21, 14, 25, 16, 27, 26, 36, 16, 12, 22, 20, 15, 26, 32, 18, 24, 35, 18, 32, 10, 15, 7, 40, 31, 45, 19, 17, 14, 39, 39, 35, 34, 34, 37, 37, 6, 38, 5, 9, 23, 36, 45, 45, 13, 3, 4, 31, 4, 3, 2, 1, 24, 2, 1, 7, 13, 12, 11, 10, 9, 8, 6, 5, 38, 48]
bench_3_8	243	180000	false	--	[49, 30, 42, 44, 43, 47, 44, 50, 44, 45, 47, 48, 44, 42, 48, 44, 50, 44, 48, 44, 42, 49, 23, 22, 50, 30, 20, 21, 29, 29, 28, 33, 28, 47, 49, 41, 17, 8, 33, 11, 40, 19, 41, 40, 25, 27, 21, 14, 25, 16, 27, 26, 36, 16, 12, 22, 20, 15, 26, 32, 18, 24, 35, 18, 32, 10, 15, 7, 40, 31, 45, 19, 17, 14, 39, 39, 35, 34, 34, 37, 37, 6, 38, 5, 9, 23, 36, 46, 46, 13, 3, 4, 31, 4, 3, 2, 1, 24, 2, 1, 7, 13, 12, 11, 10, 9, 8, 6, 5, 38, 43]
bench_3_9	335	180000	false	--	[48, 30, 42, 44, 43, 49, 44, 47, 44, 44, 49, 49, 44, 42, 46, 43, 47, 43, 46, 43, 42, 48, 23, 22, 49, 30, 20, 21, 29, 29, 28, 33, 28, 46, 47, 41, 17, 8, 33, 11, 40, 19, 41, 40, 25, 27, 21, 14, 25, 16, 27, 26, 36, 16, 12, 22, 20, 15, 26, 32, 18, 24, 35, 18, 32, 10, 15, 7, 40, 31, 45, 19, 17, 14, 39, 39, 35, 34, 34, 37, 37, 6, 38, 5, 9, 23, 36, 45, 45, 13, 3, 4, 31, 4, 3, 2, 1, 24, 2, 1, 7, 13, 12, 11, 10, 9, 8, 6, 5, 38, 48]
bench_4_0	46	180000	false	--	[16, 37, 5, 14, 8, 51, 14, 15, 13, 12, 52, 52, 13, 6, 52, 9, 15, 10, 52, 11, 7, 16, 23, 27, 52, 36, 48, 49, 35, 34, 33, 44, 32, 4, 36, 35, 17, 46, 43, 41, 21, 47, 34, 23, 25, 31, 21, 14, 27, 16, 30, 29, 30, 26, 42, 22, 20, 15, 28, 42, 18, 26, 29, 46, 41, 40, 51, 45, 22, 40, 2, 19, 45, 49, 20, 19, 28, 25, 24, 33, 32, 50, 18, 50, 39, 39, 31, 1, 3, 48, 44, 47, 38, 4, 3, 2, 1, 24, 43, 38, 7, 13, 12, 11, 10, 9, 8, 6, 5, 17, 37]
bench_4_1	170	180000	false	--	[52, 30, 42, 49, 43, 46, 45, 51, 45, 46, 50, 52, 51, 42, 48, 44, 51, 44, 49, 45, 43, 52, 23, 22, 50, 30, 20, 21, 29, 29, 28, 33, 28, 48, 50, 41, 17, 8, 33, 11, 40, 19, 41, 40, 25, 27, 21, 14, 25, 16, 27, 26, 36, 16, 12, 22, 20, 15, 26, 32, 18, 24, 35, 18, 32, 10, 15, 7, 40, 31, 47, 19, 17, 14, 39, 39, 35, 34, 34, 37, 37, 6, 38, 5, 9, 23, 36, 47, 47, 13, 3, 4, 31, 4, 3, 2, 1, 24, 2, 1, 7, 13, 12, 11, 10, 9, 8, 6, 5, 38, 44]
bench_4_10	51	180000	false	--	[48, 37, 42, 49, 43, 47, 45, 49, 45, 45, 47, 47, 49, 43, 48, 44, 49, 44, 48, 44, 43, 48, 23, 13, 47, 36, 33, 34, 35, 34, 33, 31, 32, 47, 40, 42, 17, 37, 30, 19, 40, 32, 41, 41, 25, 31, 21, 14, 27, 16, 30, 29, 22, 12, 20, 22, 20, 15, 28, 29, 18, 26, 21, 25, 28, 18, 11, 23, 40, 27, 46, 19, 24, 10, 39, 39, 16, 15, 14, 3, 2, 36, 38, 35, 17, 26, 1, 46, 46, 9, 7, 8, 38, 4, 3, 2, 1, 24, 6, 5, 7, 13, 12, 11, 10, 9, 8, 6, 5, 4, 44]
bench_4_11	79	180000	false	--	[48, 30, 42, 48, 43, 49, 48, 47, 44, 44, 49, 49, 44, 42, 46, 43, 47, 43, 46, 43, 42, 48, 23, 22, 49, 30, 20, 21, 29, 29, 28, 33, 28, 47, 45, 41, 17, 8, 33, 11, 40, 19, 41, 40, 25, 27, 21, 14, 25, 16, 27, 26, 36, 16, 12, 22, 20, 15, 26, 32, 18, 24, 35, 18, 32, 10, 15, 7, 40, 31, 46, 19, 17, 14, 39, 39, 35, 34, 34, 37, 37, 6, 38, 5, 9, 23, 36, 45, 45, 13, 3, 4, 31, 4, 3, 2, 1, 24, 2, 1, 7, 13, 12, 11, 10, 9, 8, 6, 5, 38, 49]
bench_4_12	129	180000	false	--	[48, 16, 41, 46, 42, 47, 46, 48, 43, 43, 47, 47, 46, 41, 45, 42, 48, 42, 45, 42, 41, 48, 23, 32, 47, 15, 4, 25, 14, 13, 12, 24, 11, 46, 47, 40, 17, 27, 24, 28, 39, 3, 40, 39, 18, 10, 21, 14, 6, 16, 9, 8, 35, 32, 28, 22, 20, 15, 7, 23, 18, 5, 34, 2, 22, 28, 31, 26, 39, 21, 45, 19, 1, 31, 38, 38, 34, 33, 33, 36, 36, 26, 37, 25, 27, 20, 35, 44, 44, 30, 30, 30, 19, 4, 3, 2, 1, 17, 29, 29, 7, 13, 12, 11, 10, 9, 8, 6, 5, 37, 44]
bench_4_13	151	180000	false	--	[48, 30, 42, 48, 43, 49, 48, 47, 44, 44, 49, 49, 44, 42, 46, 43, 47, 43, 46, 43, 42, 48, 23, 33, 49, 30, 8, 9, 29, 29, 28, 22, 28, 47, 45, 41, 17, 13, 21, 3, 40, 7, 41, 40, 24, 27, 21, 14, 25, 16, 27, 26, 36, 33, 4, 22, 20, 15, 26, 20, 18, 25, 35, 6, 19, 2, 32, 12, 40, 18, 46, 19, 5, 32, 39, 39, 35, 34, 34, 37, 37, 11, 38, 10, 1, 17, 36, 45, 45, 31, 16, 31, 23, 4, 3, 2, 1, 24, 15, 14, 7, 13, 12, 11, 10, 9, 8, 6, 5, 38, 49]
bench_4_14	88	180000	false	--	[48, 37, 42, 46, 43, 49, 46, 48, 46, 44, 49, 49, 46, 43, 47, 44, 48, 44, 47, 44, 43, 48, 23, 6, 49, 36, 29, 30, 35, 34, 33, 41, 32, 46, 47, 42, 17, 32, 40, 34, 15, 28, 41, 37, 25, 31, 21, 14, 27, 16, 30, 29, 11, 5, 35, 22, 20, 15, 28, 40, 18, 26, 10, 27, 39, 33, 36, 31, 16, 39, 45, 19, 26, 22, 4, 3, 9, 8, 7, 14, 13, 25, 2, 24, 23, 38, 12, 45, 45, 21, 19, 20, 38, 4, 3, 2, 1, 24, 18, 17, 7, 13, 12, 11, 10, 9, 8, 6, 5, 1, 49]
bench_4_15	137	180000	false	--	[47, 30, 41, 48, 42, 48, 44, 47, 44, 43, 48, 48, 48, 42, 46, 43, 47, 43, 46, 43, 42, 47, 23, 33, 48, 29, 14, 15, 29, 28, 28, 10, 27, 45, 46, 41, 17, 2, 9, 19, 39, 13, 40, 40, 24, 27, 21, 14, 25, 16, 26, 26, 35, 32, 20, 22, 20, 15, 25, 8, 18, 23, 35, 12, 7, 4, 32, 1, 39, 6, 45, 19, 11, 31, 39, 38, 34, 34, 33, 37, 36, 18, 38, 16, 3, 5, 36, 44, 44, 30, 31, 31, 17, 4, 3, 2, 1, 24, 22, 21, 7, 13, 12, 11, 10, 9, 8, 6, 5, 37, 25]
bench_4_16	240	180000	false	--	[50, 18, 41, 49, 43, 50, 51, 45, 45, 44, 51, 51, 49, 41, 48, 42, 49, 42, 48, 42, 42, 50, 23, 32, 51, 17, 24, 25, 16, 15, 14, 21, 13, 47, 44, 40, 17, 27, 20, 28, 39, 24, 40, 39, 6, 12, 21, 14, 8, 16, 11, 10, 35, 32, 28, 22, 20, 15, 9, 4, 18, 7, 34, 23, 3, 28, 31, 26, 39, 2, 46, 19, 22, 31, 38, 38, 34, 33, 33, 36, 36, 26, 37, 25, 27, 1, 35, 46, 47, 30, 30, 30, 19, 4, 3, 2, 1, 5, 29, 29, 7, 13, 12, 11, 10, 9, 8, 6, 5, 37, 43]
bench_4_17	72	180000	false	--	[48, 37, 42, 50, 43, 49, 50, 48, 44, 44, 49, 49, 50, 42, 47, 43, 48, 43, 47, 43, 42, 50, 23, 13, 49, 36, 33, 34, 35, 34, 33, 31, 32, 46, 47, 41, 17, 37, 30, 19, 40, 32, 41, 40, 25, 31, 21, 14, 27, 16, 30, 29, 22, 12, 20, 22, 20, 15, 28, 29, 18, 26, 21, 25, 28, 18, 11, 23, 40, 27, 45, 19, 24, 10, 39, 39, 16, 15, 14, 3, 2, 36, 38, 35, 17, 26, 1, 45, 46, 9, 7, 8, 38, 4, 3, 2, 1, 24, 6, 5, 7, 13, 12, 11, 10, 9, 8, 6, 5, 4, 49]
bench_4_18	174	180000	false	--	[47, 18, 41, 48, 42, 48, 43, 46, 43, 43, 48, 48, 48, 41, 45, 42, 46, 42, 45, 42, 41, 47, 23, 32, 48, 17, 24, 25, 16, 15, 14, 21, 13, 45, 46, 40, 17, 27, 20, 28, 39, 24, 40, 39, 6, 12, 21, 14, 8, 16, 11, 10, 35, 32, 28, 22, 20, 15, 9, 4, 18, 7, 34, 23, 3, 28, 31, 26, 39, 2, 44, 19, 22, 31, 38, 38, 34, 33, 33, 36, 36, 26, 37, 25, 27, 1, 35, 44, 44, 30, 30, 30, 19, 4, 3, 2, 1, 5, 29, 29, 7, 13, 12, 11, 10, 9, 8, 6, 5, 37, 47]
bench_4_19	30	180000	false	--	[20, 37, 17, 15, 7, 22, 54, 18, 12, 11, 22, 54, 54, 5, 3, 8, 19, 9, 4, 10, 6, 20, 23, 52, 54, 36, 48, 49, 35, 34, 33, 44, 32, 2, 16, 53, 17, 51, 43, 47, 35, 47, 52, 37, 25, 31, 21, 14, 27, 16, 30, 29, 30, 38, 48, 22, 20, 15, 28, 42, 18, 26, 29, 46, 41, 46, 49, 50, 36, 40, 1, 19, 45, 44, 34, 33, 28, 27, 26, 31, 25, 51, 32, 50, 45, 39, 24, 13, 14, 43, 41, 42, 38, 4, 3, 2, 1, 24, 40, 39, 7, 13, 12, 11, 10, 9, 8, 6, 5, 23, 21]
bench_4_2	248	180000	false	--	[48, 16, 41, 43, 42, 48, 49, 47, 43, 43, 49, 48, 49, 41, 45, 42, 47, 42, 46, 42, 41, 48, 23, 32, 49, 15, 4, 25, 14, 13, 12, 24, 11, 45, 46, 40, 17, 27, 24, 28, 39, 3, 40, 39, 18, 10, 21, 14, 6, 16, 9, 8, 35, 32, 28, 22, 20, 15, 7, 23, 18, 5, 34, 2, 22, 28, 31, 26, 39, 21, 44, 19, 1, 31, 38, 38, 34, 33, 33, 36, 36, 26, 37, 25, 27, 20, 35, 44, 44, 30, 30, 30, 19, 4, 3, 2, 1, 17, 29, 29, 7, 13, 12, 11, 10, 9, 8, 6, 5, 37, 47]
bench_4_3	211	180000	false	--	[47, 16, 41, 43, 42, 48, 43, 46, 43, 43, 48, 48, 48, 41, 45, 42, 46, 42, 45, 42, 41, 47, 23, 32, 48, 15, 4, 25, 14, 13, 12, 24, 11, 45, 46, 40, 17, 27, 24, 28, 39, 3, 40, 39, 18, 10, 21, 14, 6, 16, 9, 8, 35, 32, 28, 22, 20, 15, 7, 23, 18, 5, 34, 2, 22, 28, 31, 26, 39, 21, 44, 19, 1, 31, 38, 38, 34, 33, 33, 36, 36, 26, 37, 25, 27, 20, 35, 44, 44, 30, 30, 30, 19, 4, 3, 2, 1, 17, 29, 29, 7, 13, 12, 11, 10, 9, 8, 6, 5, 37, 47]
bench_4_4	138	180000	false	--	[48, 31, 42, 44, 43, 49, 44, 47, 44, 44, 49, 49, 44, 42, 46, 43, 47, 43, 46, 43, 42, 48, 23, 2, 49, 31, 35, 36, 30, 30, 29, 34, 29, 46, 47, 41, 17, 6, 33, 9, 40, 35, 41, 40, 25, 28, 21, 14, 26, 16, 28, 27, 22, 1, 10, 22, 20, 15, 27, 33, 18, 26, 21, 34, 32, 8, 19, 5, 40, 32, 45, 19, 23, 16, 39, 39, 20, 4, 3, 37, 37, 18, 38, 17, 7, 25, 36, 45, 45, 15, 13, 14, 24, 4, 3, 2, 1, 24, 12, 11, 7, 13, 12, 11, 10, 9, 8, 6, 5, 38, 48]
bench_4_5	112	180000	false	--	[49, 31, 42, 49, 43, 48, 49, 47, 44, 44, 48, 48, 44, 42, 46, 43, 47, 43, 46, 43, 42, 49, 23, 2, 48, 31, 35, 36, 30, 30, 29, 34, 29, 46, 47, 41, 17, 6, 33, 9, 40, 35, 41, 40, 25, 28, 21, 14, 26, 16, 28, 27, 22, 1, 10, 22, 20, 15, 27, 33, 18, 26, 21, 34, 32, 8, 19, 5, 40, 32, 45, 19, 23, 16, 39, 39, 20, 4, 3, 37, 37, 18, 38, 17, 7, 25, 36, 45, 45, 15, 13, 14, 24, 4, 3, 2, 1, 24, 12, 11, 7, 13, 12, 11, 10, 9, 8, 6, 5, 38, 48]
bench_4_6	175	180000	false	--	[48, 30, 42, 44, 43, 49, 44, 47, 44, 44, 49, 49, 44, 42, 46, 43, 47, 43, 46, 43, 42, 48, 23, 33, 49, 30, 8, 9, 29, 29, 28, 22, 28, 46, 47, 41, 17, 13, 21, 3, 40, 7, 41, 40, 24, 27, 21, 14, 25, 16, 27, 26, 36, 33, 4, 22, 20, 15, 26, 20, 18, 25, 35, 6, 19, 2, 32, 12, 40, 18, 45, 19, 5, 32, 39, 39, 35, 34, 34, 37, 37, 11, 38, 10, 1, 17, 36, 45, 45, 31, 16, 31, 23, 4, 3, 2, 1, 24, 15, 14, 7, 13, 12, 11, 10, 9, 8, 6, 5, 38, 48]
bench_4_7	166	180000	false	--	[46, 16, 41, 43, 42, 48, 48, 46, 43, 43, 48, 48, 48, 41, 45, 42, 46, 42, 45, 42, 41, 46, 23, 32, 48, 15, 4, 25, 14, 13, 12, 24, 11, 45, 47, 40, 17, 27, 24, 28, 39, 3, 40, 39, 18, 10, 21, 14, 6, 16, 9, 8, 35, 32, 28, 22, 20, 15, 7, 23, 18, 5, 34, 2, 22, 28, 31, 26, 39, 21, 44, 19, 1, 31, 38, 38, 34, 33, 33, 36, 36, 26, 37, 25, 27, 20, 35, 44, 44, 30, 30, 30, 19, 4, 3, 2, 1, 17, 29, 29, 7, 13, 12, 11, 10, 9, 8, 6, 5, 37, 47]
bench_4_8	66	180000	false	--	[49, 37, 42, 49, 43, 48, 44, 47, 44, 44, 48, 48, 49, 42, 46, 43, 47, 43, 46, 43, 42, 49, 23, 13, 48, 36, 33, 34, 35, 34, 33, 31, 32, 46, 47, 41, 17, 37, 30, 19, 40, 32, 41, 40, 25, 31, 21, 14, 27, 16, 30, 29, 22, 12, 20, 22, 20, 15, 28, 29, 18, 26, 21, 25, 28, 18, 11, 23, 40, 27, 45, 19, 24, 10, 39, 39, 16, 15, 14, 3, 2, 36, 38, 35, 17, 26, 1, 45, 45, 9, 7, 8, 38, 4, 3, 2, 1, 24, 6, 5, 7, 13, 12, 11, 10, 9, 8, 6, 5, 4, 48]
bench_4_9	111	180000	false	--	[48, 30, 42, 49, 43, 49, 44, 47, 44, 44, 49, 49, 49, 42, 46, 43, 47, 43, 46, 43, 42, 48, 23, 22, 49, 30, 20, 21, 29, 29, 28, 33, 28, 46, 47, 41, 17, 8, 33, 11, 40, 19, 41, 40, 25, 27, 21, 14, 25, 16, 27, 26, 36, 16, 12, 22, 20, 15, 26, 32, 18, 24, 35, 18, 32, 10, 15, 7, 40, 31, 45, 19, 17, 14, 39, 39, 35, 34, 34, 37, 37, 6, 38, 5, 9, 23, 36, 45, 45, 13, 3, 4, 31, 4, 3, 2, 1, 24, 2, 1, 7, 13, 12, 11, 10, 9, 8, 6, 5, 38, 48]
