bench_20_0	5	180000	false	--	[47, 22, 40, 48, 42, 28, 4, 46, 48, 45, 48, 48, 48, 50, 12, 1, 46, 1, 16, 3, 50, 34, 22, 29, 48, 7, 4, 19, 39, 14, 9, 11, 51, 23, 41, 16, 9, 49, 27, 20, 10, 31, 28, 41, 21, 33, 5, 3, 5, 30, 34, 18, 35, 32, 25, 25, 43, 14, 8, 43, 10, 37, 38, 52, 39, 50, 45, 26, 10, 17, 44, 19, 24, 17, 51, 44, 2, 40, 20, 2, 46, 26, 36, 15, 47, 13, 42, 36, 36, 30, 23, 23, 32, 11, 24, 1, 49, 6, 27, 29, 6, 33, 12, 21, 38, 15, 7, 18, 13, 31, 52]
bench_20_1	16	180000	false	--	[12, 4, 14, 18, 45, 7, 18, 1, 48, 49, 43, 2, 48, 6, 32, 35, 47, 35, 45, 50, 32, 12, 5, 52, 43, 31, 10, 39, 52, 11, 19, 26, 34, 50, 48, 36, 7, 40, 29, 23, 4, 5, 17, 37, 30, 8, 11, 8, 2, 22, 9, 16, 42, 22, 23, 34, 15, 20, 9, 3, 18, 30, 35, 1, 40, 43, 49, 20, 23, 27, 37, 19, 54, 41, 44, 38, 28, 38, 46, 53, 14, 13, 24, 41, 55, 21, 47, 33, 36, 26, 25, 33, 6, 39, 3, 10, 12, 27, 15, 31, 17, 28, 25, 24, 13, 29, 21, 16, 44, 51, 51]
bench_20_10	2	180000	false	--	[48, 51, 31, 36, 53, 31, 45, 10, 2, 13, 31, 46, 55, 44, 9, 44, 48, 44, 47, 44, 44, 48, 24, 16, 46, 28, 12, 22, 51, 43, 26, 12, 42, 18, 8, 34, 10, 38, 22, 1, 5, 21, 4, 40, 26, 4, 2, 3, 7, 18, 52, 17, 29, 11, 19, 23, 16, 15, 17, 54, 20, 11, 3, 20, 50, 8, 23, 19, 41, 37, 34, 21, 37, 30, 27, 40, 55, 35, 39, 38, 32, 49, 50, 49, 35, 24, 14, 13, 46, 53, 6, 7, 25, 6, 36, 5, 30, 25, 43, 33, 1, 27, 39, 29, 41, 14, 9, 32, 47, 45, 15]
bench_20_11	6	180000	false	--	[32, 53, 36, 40, 51, 48, 49, 46, 4, 32, 48, 51, 14, 41, 5, 16, 46, 42, 8, 42, 41, 47, 23, 36, 48, 17, 21, 24, 44, 26, 14, 21, 11, 45, 41, 38, 4, 27, 49, 30, 7, 40, 39, 52, 19, 25, 3, 5, 1, 17, 26, 12, 50, 52, 30, 22, 33, 16, 10, 47, 19, 13, 35, 23, 53, 31, 27, 28, 7, 18, 6, 20, 22, 29, 34, 50, 43, 31, 48, 2, 37, 30, 39, 29, 20, 15, 38, 6, 28, 45, 3, 33, 44, 15, 24, 43, 18, 9, 25, 35, 1, 8, 2, 13, 11, 9, 7, 10, 37, 42, 46]
bench_20_12	14	180000	false	--	[43, 25, 20, 53, 6, 3, 41, 10, 27, 52, 39, 38, 22, 5, 1, 8, 32, 23, 46, 44, 50, 14, 21, 54, 49, 31, 18, 42, 24, 27, 34, 49, 30, 32, 50, 40, 3, 55, 24, 38, 2, 12, 55, 48, 18, 16, 13, 6, 26, 11, 46, 36, 34, 28, 38, 14, 28, 29, 57, 16, 12, 26, 51, 56, 7, 11, 39, 41, 35, 54, 4, 19, 59, 13, 51, 48, 40, 29, 36, 25, 58, 52, 33, 35, 31, 57, 19, 7, 17, 53, 15, 33, 45, 4, 10, 5, 20, 47, 44, 30, 2, 23, 37, 17, 15, 1, 8, 22, 9, 43, 58]
bench_20_13	--	180000	false	--	--
bench_20_14	8	180000	false	--	[10, 2, 12, 43, 50, 48, 47, 4, 43, 42, 48, 48, 47, 7, 33, 41, 17, 41, 45, 41, 21, 10, 24, 6, 48, 18, 25, 31, 41, 42, 9, 46, 27, 27, 40, 31, 17, 23, 51, 25, 38, 45, 39, 28, 18, 11, 1, 5, 8, 48, 44, 33, 13, 16, 28, 22, 47, 36, 8, 10, 20, 6, 16, 49, 50, 49, 39, 2, 38, 35, 44, 40, 23, 30, 21, 37, 3, 32, 19, 36, 1, 38, 34, 24, 5, 14, 52, 43, 43, 26, 26, 29, 3, 7, 37, 19, 13, 22, 29, 30, 9, 51, 11, 14, 34, 4, 46, 15, 12, 35, 8]
bench_20_15	21	180000	false	--	[47, 20, 47, 42, 49, 1, 48, 46, 50, 48, 1, 3, 48, 41, 45, 42, 46, 42, 45, 42, 41, 47, 19, 51, 3, 17, 25, 25, 16, 10, 22, 27, 19, 50, 45, 44, 20, 30, 26, 2, 11, 24, 40, 36, 9, 14, 2, 3, 4, 18, 18, 12, 37, 51, 44, 22, 14, 17, 13, 15, 21, 8, 49, 21, 23, 28, 34, 31, 39, 6, 40, 24, 28, 31, 35, 43, 36, 35, 34, 39, 38, 33, 37, 29, 32, 7, 25, 4, 43, 33, 30, 30, 26, 15, 7, 6, 11, 5, 27, 29, 1, 13, 16, 12, 10, 23, 9, 8, 5, 41, 46]
bench_20_16	--	180000	false	--	--
bench_20_17	10	180000	false	--	[47, 16, 41, 49, 42, 1, 43, 46, 49, 43, 48, 38, 43, 41, 5, 3, 46, 3, 51, 42, 41, 47, 23, 37, 48, 18, 4, 25, 15, 13, 12, 24, 11, 51, 47, 44, 4, 27, 25, 28, 40, 49, 50, 38, 19, 24, 5, 2, 2, 20, 10, 9, 35, 33, 28, 22, 17, 15, 8, 23, 8, 7, 32, 14, 22, 26, 32, 36, 40, 21, 48, 19, 34, 31, 35, 40, 34, 45, 33, 50, 39, 26, 37, 30, 28, 20, 36, 44, 44, 30, 6, 29, 27, 14, 3, 6, 1, 17, 29, 31, 7, 18, 21, 16, 11, 12, 13, 9, 10, 39, 46]
bench_20_18	17	180000	false	--	[49, 18, 43, 32, 42, 1, 17, 12, 48, 43, 29, 55, 10, 25, 26, 8, 50, 8, 26, 42, 25, 49, 23, 41, 54, 11, 22, 28, 16, 13, 23, 14, 32, 44, 26, 39, 1, 27, 25, 3, 36, 47, 27, 34, 9, 9, 16, 6, 5, 10, 35, 14, 51, 37, 29, 17, 20, 7, 6, 2, 8, 4, 35, 40, 55, 28, 33, 21, 40, 41, 44, 24, 24, 52, 53, 48, 38, 34, 45, 39, 54, 15, 38, 31, 2, 19, 50, 36, 36, 31, 30, 30, 33, 21, 3, 47, 22, 20, 7, 30, 4, 15, 18, 12, 11, 5, 19, 37, 13, 46, 49]
bench_20_19	5	180000	false	--	[48, 14, 13, 8, 32, 5, 49, 4, 8, 42, 5, 51, 36, 16, 25, 3, 22, 3, 37, 53, 23, 52, 5, 33, 10, 33, 26, 29, 56, 32, 24, 28, 27, 42, 34, 40, 1, 55, 47, 1, 17, 35, 45, 22, 41, 11, 13, 3, 4, 26, 47, 43, 24, 49, 56, 21, 12, 15, 12, 44, 2, 23, 36, 7, 40, 29, 19, 20, 19, 35, 31, 8, 48, 39, 9, 53, 46, 50, 21, 7, 38, 38, 51, 50, 18, 39, 37, 25, 31, 45, 2, 30, 34, 6, 28, 18, 20, 15, 41, 44, 9, 43, 11, 16, 14, 30, 10, 27, 52, 54, 46]
bench_20_2	--	180000	false	--	--
bench_20_3	4	180000	false	--	[2, 44, 51, 1, 43, 18, 48, 47, 51, 23, 49, 15, 48, 42, 21, 43, 47, 43, 21, 43, 42, 2, 13, 8, 49, 9, 11, 25, 13, 28, 34, 14, 23, 40, 47, 3, 17, 6, 48, 1, 14, 46, 7, 30, 24, 42, 21, 15, 16, 36, 26, 33, 10, 33, 20, 22, 37, 20, 26, 16, 18, 28, 36, 9, 41, 50, 22, 29, 40, 41, 5, 19, 25, 39, 12, 38, 35, 50, 4, 37, 32, 24, 46, 19, 34, 45, 35, 32, 32, 27, 30, 31, 11, 29, 4, 2, 5, 44, 39, 45, 8, 10, 12, 38, 3, 7, 49, 27, 6, 31, 17]
bench_20_4	12	180000	false	--	[47, 18, 47, 43, 49, 48, 43, 2, 46, 43, 48, 48, 46, 2, 3, 3, 40, 42, 45, 42, 2, 47, 25, 32, 48, 17, 8, 26, 16, 15, 14, 25, 13, 45, 46, 42, 20, 30, 24, 28, 39, 6, 36, 50, 21, 12, 1, 17, 1, 19, 11, 9, 41, 31, 28, 22, 24, 18, 10, 23, 21, 7, 35, 5, 27, 28, 35, 26, 39, 27, 44, 23, 4, 31, 38, 38, 33, 32, 50, 34, 36, 30, 41, 29, 39, 22, 37, 44, 44, 34, 29, 29, 19, 8, 6, 5, 4, 20, 33, 49, 10, 16, 15, 14, 13, 12, 11, 9, 7, 40, 48]
bench_20_5	--	180000	false	--	--
bench_20_6	10	180000	false	--	[33, 41, 37, 24, 35, 25, 49, 39, 26, 30, 25, 52, 24, 3, 12, 7, 53, 40, 48, 40, 42, 45, 20, 50, 35, 16, 2, 7, 21, 14, 16, 9, 36, 41, 13, 42, 4, 47, 30, 3, 4, 17, 20, 34, 29, 45, 6, 2, 8, 5, 32, 15, 27, 46, 3, 27, 31, 44, 21, 55, 9, 54, 49, 39, 10, 17, 15, 1, 22, 11, 18, 28, 31, 8, 25, 28, 43, 6, 36, 23, 53, 24, 12, 44, 19, 11, 52, 1, 37, 14, 5, 40, 48, 22, 13, 38, 18, 54, 32, 38, 10, 23, 47, 26, 56, 33, 34, 55, 51, 43, 51]
bench_20_7	5	180000	false	--	[40, 25, 48, 44, 39, 3, 16, 28, 53, 50, 15, 45, 52, 2, 46, 2, 53, 2, 49, 8, 42, 40, 46, 52, 48, 27, 1, 3, 23, 26, 28, 17, 47, 24, 47, 26, 15, 4, 32, 19, 30, 34, 25, 23, 29, 41, 1, 10, 29, 12, 13, 37, 12, 54, 20, 33, 40, 21, 32, 11, 18, 43, 35, 34, 10, 54, 38, 35, 30, 49, 50, 19, 14, 43, 45, 21, 22, 5, 6, 36, 17, 41, 9, 31, 18, 55, 36, 33, 37, 51, 7, 31, 44, 8, 4, 7, 16, 27, 51, 55, 11, 30, 6, 39, 14, 42, 24, 38, 22, 13, 9]
bench_20_8	9	180000	false	--	[47, 23, 52, 43, 19, 16, 4, 46, 35, 29, 20, 16, 52, 17, 35, 32, 46, 32, 35, 32, 41, 47, 22, 7, 20, 37, 11, 40, 15, 14, 34, 36, 3, 45, 47, 21, 18, 28, 20, 5, 16, 24, 18, 43, 44, 13, 5, 15, 1, 17, 12, 10, 11, 33, 29, 42, 40, 41, 9, 6, 19, 25, 48, 36, 48, 30, 45, 27, 39, 51, 31, 23, 50, 39, 38, 1, 24, 34, 33, 49, 46, 27, 8, 2, 50, 26, 25, 44, 44, 31, 3, 30, 42, 38, 4, 28, 51, 7, 26, 22, 8, 12, 13, 21, 2, 32, 9, 14, 10, 37, 49]
bench_20_9	16	180000	false	--	[47, 16, 38, 48, 43, 48, 48, 46, 43, 29, 48, 36, 49, 25, 41, 8, 46, 42, 45, 42, 41, 47, 2, 36, 48, 15, 1, 10, 7, 50, 13, 21, 6, 40, 46, 23, 17, 28, 20, 11, 19, 15, 45, 11, 18, 42, 19, 14, 1, 9, 9, 5, 34, 51, 28, 22, 30, 16, 7, 23, 18, 52, 24, 5, 38, 27, 40, 26, 39, 44, 14, 21, 4, 33, 30, 35, 34, 32, 53, 49, 37, 22, 39, 25, 31, 53, 35, 12, 32, 31, 2, 29, 24, 51, 4, 27, 3, 17, 44, 47, 8, 20, 50, 52, 13, 12, 10, 26, 6, 37, 3]
bench_2_0	97	180000	false	--	[32, 25, 45, 46, 12, 50, 46, 49, 46, 7, 50, 50, 46, 2, 48, 4, 49, 36, 48, 36, 3, 30, 23, 20, 50, 36, 42, 43, 37, 26, 29, 43, 27, 24, 28, 15, 17, 25, 44, 29, 18, 41, 22, 14, 20, 6, 21, 5, 24, 14, 47, 28, 21, 23, 44, 22, 49, 15, 51, 40, 18, 30, 17, 40, 46, 47, 3, 26, 34, 42, 10, 19, 10, 33, 11, 35, 19, 6, 48, 5, 39, 33, 9, 38, 37, 41, 13, 1, 8, 34, 32, 32, 38, 4, 45, 2, 1, 16, 50, 27, 7, 13, 31, 39, 35, 11, 8, 9, 12, 16, 51]
bench_2_1	74	180000	false	--	[50, 38, 20, 21, 53, 50, 52, 49, 21, 48, 51, 49, 52, 2, 16, 7, 49, 14, 16, 15, 6, 50, 23, 36, 51, 43, 46, 46, 26, 34, 35, 45, 30, 47, 52, 13, 17, 42, 44, 26, 9, 37, 11, 12, 25, 31, 21, 8, 27, 14, 36, 24, 32, 35, 29, 22, 20, 15, 28, 29, 18, 33, 44, 37, 42, 34, 31, 39, 10, 41, 47, 19, 48, 33, 8, 5, 43, 25, 23, 17, 18, 41, 3, 40, 24, 40, 19, 4, 22, 45, 28, 30, 39, 7, 6, 4, 2, 32, 38, 27, 3, 16, 5, 11, 10, 1, 9, 12, 13, 1, 51]
bench_2_10	178	180000	false	--	[48, 31, 42, 50, 44, 48, 50, 47, 49, 44, 48, 49, 50, 43, 46, 43, 47, 43, 46, 43, 43, 48, 23, 2, 48, 31, 35, 36, 30, 30, 29, 34, 29, 50, 46, 45, 17, 8, 33, 10, 39, 35, 47, 42, 25, 28, 21, 14, 26, 16, 28, 32, 22, 3, 11, 22, 20, 15, 27, 33, 18, 26, 21, 34, 32, 9, 20, 4, 39, 27, 45, 19, 23, 19, 40, 39, 12, 7, 5, 37, 37, 18, 38, 17, 6, 25, 36, 41, 41, 16, 1, 15, 24, 12, 7, 3, 5, 24, 13, 14, 2, 13, 10, 11, 1, 9, 8, 6, 4, 38, 41]
bench_2_11	200	180000	false	--	[50, 31, 42, 44, 45, 49, 49, 47, 44, 43, 49, 50, 44, 42, 48, 43, 47, 43, 48, 43, 42, 48, 17, 7, 49, 31, 35, 35, 30, 30, 29, 34, 29, 52, 46, 41, 3, 10, 36, 5, 40, 37, 40, 53, 25, 28, 2, 15, 26, 24, 28, 27, 24, 4, 14, 20, 22, 44, 26, 33, 19, 27, 22, 33, 32, 11, 21, 1, 40, 32, 52, 21, 17, 36, 39, 51, 20, 8, 6, 37, 18, 3, 38, 2, 9, 25, 34, 35, 46, 16, 12, 13, 23, 7, 8, 6, 4, 23, 19, 15, 1, 16, 13, 12, 11, 9, 10, 14, 5, 38, 51]
bench_2_12	151	180000	false	--	[49, 37, 42, 44, 43, 49, 44, 47, 44, 44, 49, 49, 44, 42, 46, 43, 47, 43, 46, 43, 42, 49, 12, 13, 49, 16, 33, 34, 26, 34, 33, 2, 20, 46, 30, 32, 17, 29, 29, 19, 40, 37, 41, 24, 25, 48, 21, 14, 2, 11, 27, 31, 18, 12, 23, 22, 23, 15, 28, 40, 18, 38, 11, 38, 26, 22, 8, 16, 40, 27, 45, 19, 39, 48, 25, 20, 21, 15, 14, 36, 4, 8, 31, 35, 17, 28, 39, 45, 45, 41, 6, 9, 10, 24, 7, 32, 3, 35, 1, 10, 1, 5, 6, 36, 47, 9, 4, 30, 13, 3, 5]
bench_2_13	222	180000	false	--	[51, 30, 16, 51, 48, 1, 50, 47, 46, 45, 1, 49, 46, 43, 5, 2, 47, 52, 53, 53, 43, 47, 17, 31, 44, 30, 16, 16, 19, 29, 31, 11, 27, 52, 46, 50, 9, 20, 14, 1, 39, 15, 44, 42, 24, 26, 21, 15, 25, 36, 29, 27, 39, 34, 1, 33, 23, 32, 25, 9, 18, 26, 40, 21, 7, 4, 33, 3, 39, 10, 49, 35, 13, 28, 38, 40, 12, 35, 34, 43, 37, 19, 36, 18, 8, 6, 41, 2, 45, 23, 3, 3, 17, 8, 20, 12, 4, 24, 22, 32, 5, 22, 13, 14, 11, 28, 10, 7, 6, 54, 42]
bench_2_14	343	180000	false	--	[48, 12, 41, 49, 42, 40, 49, 46, 43, 46, 48, 40, 49, 8, 38, 42, 46, 42, 45, 42, 41, 48, 23, 33, 48, 50, 2, 25, 16, 14, 22, 4, 11, 45, 37, 50, 17, 51, 20, 28, 39, 1, 43, 38, 18, 12, 21, 14, 6, 16, 13, 34, 23, 32, 28, 22, 20, 15, 7, 10, 18, 10, 34, 21, 33, 28, 4, 9, 39, 5, 44, 19, 47, 30, 40, 24, 31, 3, 26, 36, 27, 39, 30, 15, 27, 24, 35, 44, 44, 19, 31, 47, 2, 49, 3, 1, 35, 17, 29, 9, 7, 13, 29, 11, 25, 26, 8, 5, 6, 37, 32]
bench_2_15	406	180000	false	--	[47, 11, 17, 43, 42, 48, 43, 23, 43, 15, 48, 48, 43, 41, 45, 44, 46, 44, 45, 44, 41, 47, 34, 33, 48, 14, 8, 26, 14, 7, 25, 4, 26, 40, 30, 5, 1, 28, 32, 29, 39, 16, 13, 3, 5, 13, 22, 16, 9, 12, 37, 6, 3, 41, 29, 23, 21, 31, 9, 25, 18, 24, 39, 27, 22, 29, 35, 12, 39, 35, 9, 19, 24, 31, 1, 20, 38, 36, 34, 4, 37, 48, 17, 21, 27, 10, 15, 2, 44, 32, 30, 30, 18, 42, 2, 40, 46, 19, 36, 33, 8, 20, 45, 11, 43, 6, 10, 7, 28, 38, 47]
bench_2_16	328	180000	false	--	[48, 11, 2, 44, 39, 20, 44, 47, 44, 46, 48, 48, 44, 42, 46, 9, 47, 9, 46, 43, 42, 48, 5, 33, 48, 27, 14, 34, 30, 28, 44, 37, 27, 38, 29, 29, 17, 2, 7, 19, 40, 13, 41, 40, 24, 28, 20, 9, 25, 16, 21, 5, 36, 33, 19, 22, 43, 12, 25, 37, 18, 23, 4, 12, 10, 30, 16, 1, 40, 8, 45, 32, 11, 6, 39, 38, 35, 15, 34, 26, 1, 49, 19, 26, 3, 49, 36, 45, 45, 32, 23, 31, 17, 15, 35, 42, 4, 24, 22, 21, 7, 13, 31, 14, 10, 3, 8, 6, 47, 18, 25]
bench_2_17	336	180000	false	--	[47, 22, 41, 48, 2, 48, 30, 46, 48, 43, 48, 48, 30, 41, 4, 38, 46, 42, 4, 42, 41, 47, 23, 12, 48, 26, 38, 38, 11, 25, 34, 9, 19, 45, 46, 31, 17, 15, 10, 28, 39, 36, 37, 27, 45, 9, 21, 7, 17, 47, 18, 26, 34, 32, 28, 22, 19, 10, 33, 11, 18, 40, 16, 13, 33, 28, 27, 44, 39, 8, 39, 32, 12, 35, 14, 21, 24, 43, 3, 20, 36, 1, 7, 40, 37, 6, 35, 44, 44, 20, 30, 30, 5, 4, 3, 2, 1, 23, 29, 31, 5, 13, 14, 16, 6, 29, 8, 15, 24, 42, 25]
bench_2_18	120	180000	false	--	[48, 26, 42, 50, 43, 49, 50, 47, 44, 44, 49, 50, 50, 9, 46, 43, 47, 43, 46, 43, 42, 49, 23, 13, 50, 36, 33, 34, 33, 39, 35, 34, 32, 45, 51, 7, 17, 23, 30, 19, 40, 32, 48, 41, 25, 31, 21, 14, 19, 37, 30, 28, 27, 12, 20, 22, 27, 15, 29, 35, 18, 24, 22, 31, 29, 18, 14, 38, 40, 28, 46, 20, 24, 11, 39, 40, 21, 16, 15, 45, 3, 36, 37, 25, 17, 26, 2, 51, 51, 10, 6, 8, 38, 7, 4, 3, 2, 13, 5, 1, 1, 10, 12, 16, 11, 9, 8, 6, 5, 4, 41]
bench_2_19	57	180000	false	--	[19, 37, 1, 52, 14, 21, 5, 18, 16, 13, 21, 22, 52, 3, 7, 10, 18, 11, 8, 12, 29, 19, 24, 52, 22, 36, 48, 49, 41, 34, 33, 44, 32, 23, 2, 53, 1, 51, 43, 47, 24, 47, 53, 37, 26, 31, 22, 8, 4, 20, 35, 30, 30, 38, 48, 29, 21, 15, 28, 42, 3, 27, 41, 46, 39, 46, 49, 50, 36, 40, 17, 19, 45, 44, 34, 26, 28, 33, 4, 31, 27, 51, 32, 50, 45, 9, 25, 6, 15, 43, 9, 42, 38, 23, 7, 5, 2, 25, 40, 39, 6, 18, 17, 16, 13, 12, 11, 14, 10, 35, 20]
bench_2_2	189	180000	false	--	[4, 34, 26, 50, 2, 50, 50, 48, 50, 37, 50, 12, 50, 23, 16, 45, 48, 48, 47, 48, 23, 4, 31, 21, 50, 33, 39, 42, 37, 29, 36, 42, 10, 47, 38, 19, 7, 25, 41, 30, 14, 39, 17, 32, 25, 32, 21, 5, 3, 1, 40, 11, 8, 45, 30, 22, 19, 13, 28, 41, 18, 44, 13, 9, 43, 29, 34, 24, 15, 46, 30, 20, 43, 33, 27, 18, 40, 22, 20, 44, 6, 11, 7, 3, 28, 23, 5, 46, 46, 10, 49, 49, 9, 14, 4, 12, 2, 24, 36, 31, 8, 38, 6, 15, 27, 35, 17, 26, 16, 35, 49]
bench_2_3	79	180000	false	--	[4, 49, 14, 3, 51, 47, 26, 49, 26, 46, 47, 47, 26, 20, 22, 1, 49, 19, 22, 41, 21, 4, 28, 37, 47, 48, 2, 50, 29, 35, 42, 37, 32, 10, 27, 15, 12, 40, 23, 43, 7, 31, 11, 17, 34, 36, 7, 1, 13, 5, 25, 24, 39, 45, 43, 11, 19, 17, 30, 51, 14, 44, 29, 16, 33, 33, 48, 2, 9, 38, 43, 20, 40, 31, 12, 8, 36, 42, 34, 28, 44, 50, 18, 47, 38, 45, 25, 5, 6, 35, 23, 32, 39, 6, 10, 4, 3, 26, 24, 30, 9, 18, 15, 41, 8, 21, 22, 27, 46, 13, 16]
bench_2_4	65	180000	false	--	[52, 48, 18, 23, 19, 2, 23, 50, 15, 4, 33, 33, 7, 16, 24, 1, 50, 3, 24, 3, 20, 52, 26, 40, 33, 28, 45, 46, 47, 31, 9, 3, 49, 13, 22, 38, 5, 30, 41, 43, 9, 51, 8, 12, 37, 11, 6, 2, 25, 16, 50, 33, 35, 42, 44, 23, 20, 15, 32, 35, 18, 38, 37, 34, 43, 30, 49, 39, 10, 40, 26, 19, 42, 34, 6, 36, 47, 27, 48, 51, 11, 45, 14, 52, 41, 39, 28, 5, 21, 46, 29, 31, 29, 17, 4, 21, 22, 27, 32, 44, 7, 14, 12, 13, 36, 10, 8, 1, 24, 25, 17]
bench_2_5	224	180000	false	--	[48, 28, 10, 44, 3, 49, 2, 47, 44, 44, 49, 49, 44, 42, 48, 43, 47, 43, 48, 43, 42, 48, 23, 18, 49, 31, 1, 21, 25, 29, 37, 34, 28, 12, 47, 41, 19, 38, 46, 14, 40, 22, 43, 41, 26, 5, 1, 3, 15, 8, 26, 29, 36, 9, 18, 22, 20, 17, 30, 33, 21, 25, 42, 45, 33, 13, 27, 35, 40, 32, 37, 24, 19, 16, 39, 40, 34, 5, 36, 46, 24, 8, 39, 7, 11, 23, 30, 45, 45, 15, 4, 6, 31, 27, 6, 2, 4, 32, 17, 20, 9, 10, 12, 14, 16, 11, 35, 13, 7, 38, 49]
bench_2_6	--	180000	false	--	--
bench_2_7	94	180000	false	--	[47, 2, 50, 32, 5, 51, 27, 6, 16, 11, 51, 51, 32, 4, 7, 10, 6, 48, 7, 48, 25, 47, 14, 12, 51, 30, 28, 37, 33, 42, 12, 44, 29, 49, 9, 24, 1, 38, 35, 29, 3, 39, 18, 23, 51, 45, 22, 10, 21, 7, 43, 34, 44, 33, 30, 46, 9, 15, 31, 26, 3, 41, 47, 37, 48, 31, 26, 28, 19, 38, 40, 19, 39, 34, 13, 8, 32, 45, 14, 1, 46, 35, 17, 36, 21, 36, 2, 22, 22, 43, 20, 42, 20, 5, 16, 6, 25, 40, 41, 27, 8, 18, 24, 23, 50, 17, 13, 4, 11, 15, 49]
bench_2_8	582	180000	false	--	[46, 9, 39, 48, 45, 48, 48, 43, 48, 43, 48, 48, 48, 41, 4, 42, 43, 42, 4, 42, 41, 46, 23, 14, 48, 12, 24, 45, 39, 15, 25, 19, 13, 44, 29, 41, 6, 37, 10, 28, 23, 18, 37, 40, 44, 27, 4, 31, 1, 20, 11, 31, 35, 24, 28, 21, 18, 34, 5, 38, 13, 20, 25, 17, 2, 27, 33, 15, 23, 26, 22, 19, 32, 7, 28, 40, 14, 34, 32, 30, 36, 6, 46, 8, 16, 42, 35, 47, 47, 7, 29, 30, 5, 17, 3, 2, 10, 21, 3, 47, 1, 33, 11, 16, 22, 12, 9, 8, 36, 38, 26]
bench_2_9	--	180000	false	--	--
bench_3_0	43	180000	false	--	[16, 30, 2, 49, 14, 45, 49, 50, 33, 5, 52, 45, 20, 17, 22, 3, 50, 12, 42, 48, 44, 4, 43, 35, 52, 29, 39, 49, 38, 34, 36, 46, 48, 29, 18, 41, 4, 41, 13, 42, 10, 31, 21, 53, 25, 16, 21, 14, 27, 44, 24, 26, 27, 23, 42, 22, 10, 15, 28, 52, 18, 47, 25, 50, 53, 35, 47, 13, 46, 33, 7, 19, 45, 28, 1, 40, 39, 34, 36, 43, 38, 31, 6, 51, 37, 2, 51, 54, 54, 24, 54, 55, 37, 5, 12, 3, 7, 23, 30, 26, 1, 6, 32, 11, 20, 40, 8, 17, 9, 55, 19]
bench_3_1	120	180000	false	--	[47, 30, 14, 44, 29, 48, 44, 47, 44, 43, 48, 48, 48, 42, 46, 43, 47, 43, 46, 43, 42, 47, 23, 42, 48, 29, 14, 14, 27, 1, 30, 10, 27, 46, 45, 41, 18, 1, 13, 17, 40, 33, 45, 40, 25, 23, 22, 15, 26, 17, 28, 33, 36, 8, 19, 24, 3, 16, 26, 9, 19, 28, 31, 12, 6, 7, 35, 4, 40, 5, 41, 20, 11, 24, 39, 39, 35, 34, 34, 37, 37, 16, 38, 15, 3, 2, 36, 44, 44, 32, 21, 22, 18, 7, 4, 21, 31, 25, 20, 32, 6, 13, 12, 11, 10, 38, 8, 2, 5, 9, 26]
bench_3_10	61	180000	false	--	[19, 36, 14, 16, 3, 38, 16, 27, 12, 22, 44, 44, 12, 8, 4, 2, 27, 2, 9, 17, 21, 19, 29, 28, 44, 35, 40, 51, 30, 34, 37, 48, 15, 33, 39, 24, 3, 40, 49, 41, 15, 43, 18, 29, 10, 31, 23, 1, 2, 33, 26, 32, 31, 37, 41, 24, 18, 19, 11, 13, 7, 28, 26, 46, 38, 51, 48, 45, 23, 47, 6, 20, 45, 52, 20, 46, 36, 35, 32, 30, 10, 42, 7, 42, 49, 50, 34, 1, 25, 44, 13, 50, 52, 6, 4, 39, 9, 5, 43, 47, 14, 8, 16, 22, 12, 17, 27, 21, 25, 11, 41]
bench_3_11	139	180000	false	--	[48, 29, 42, 44, 43, 48, 44, 47, 44, 41, 48, 48, 44, 42, 46, 43, 47, 43, 46, 43, 42, 48, 36, 22, 48, 29, 10, 15, 26, 27, 23, 23, 31, 1, 45, 41, 17, 2, 9, 19, 40, 5, 39, 27, 13, 31, 21, 7, 25, 16, 24, 28, 36, 33, 20, 32, 20, 15, 25, 8, 18, 26, 8, 12, 7, 4, 33, 44, 40, 16, 46, 19, 11, 3, 38, 28, 35, 32, 37, 34, 47, 18, 39, 6, 14, 22, 24, 45, 45, 37, 30, 40, 17, 1, 2, 3, 4, 34, 13, 21, 5, 10, 12, 14, 35, 9, 30, 11, 6, 38, 25]
bench_3_12	39	180000	false	--	[49, 26, 16, 22, 19, 1, 22, 51, 32, 3, 1, 26, 22, 17, 25, 1, 51, 1, 25, 1, 24, 49, 23, 36, 26, 38, 49, 50, 36, 37, 35, 51, 39, 6, 18, 21, 4, 15, 43, 10, 11, 48, 14, 13, 27, 33, 8, 14, 29, 19, 28, 31, 48, 27, 44, 25, 22, 21, 30, 45, 7, 34, 46, 46, 44, 43, 35, 41, 12, 10, 20, 24, 47, 34, 8, 9, 38, 37, 39, 45, 41, 50, 42, 47, 40, 15, 23, 5, 7, 33, 30, 31, 40, 18, 5, 32, 3, 42, 29, 28, 9, 13, 2, 12, 17, 6, 20, 11, 16, 2, 4]
bench_3_13	115	180000	false	--	[26, 27, 21, 44, 43, 49, 44, 47, 44, 19, 49, 49, 49, 42, 46, 43, 47, 43, 46, 43, 42, 26, 23, 9, 49, 32, 31, 36, 41, 11, 34, 32, 48, 12, 5, 29, 17, 20, 11, 8, 40, 28, 1, 35, 25, 48, 21, 14, 26, 20, 46, 27, 22, 16, 10, 22, 10, 15, 30, 3, 18, 29, 7, 35, 33, 6, 13, 44, 40, 34, 17, 19, 23, 33, 36, 24, 42, 4, 30, 2, 37, 18, 41, 31, 38, 25, 40, 45, 45, 15, 13, 14, 45, 2, 1, 4, 24, 37, 3, 28, 7, 5, 47, 9, 6, 38, 8, 16, 12, 39, 39]
bench_3_14	162	180000	false	--	[48, 39, 42, 44, 43, 48, 44, 47, 44, 44, 48, 48, 44, 43, 46, 45, 47, 45, 46, 45, 43, 48, 23, 19, 48, 38, 34, 34, 35, 37, 33, 31, 36, 34, 41, 46, 3, 3, 29, 9, 40, 32, 42, 41, 27, 31, 17, 14, 26, 19, 30, 29, 20, 18, 10, 18, 22, 15, 28, 28, 6, 25, 13, 32, 27, 2, 17, 6, 40, 26, 22, 21, 30, 16, 38, 47, 7, 5, 1, 36, 35, 33, 39, 23, 4, 24, 21, 40, 40, 14, 8, 15, 25, 13, 7, 5, 1, 24, 12, 11, 2, 20, 16, 12, 10, 11, 9, 8, 4, 37, 45]
bench_3_15	56	180000	false	--	[19, 52, 17, 15, 22, 21, 15, 18, 12, 8, 21, 21, 11, 5, 1, 4, 18, 9, 3, 10, 20, 19, 33, 36, 32, 25, 48, 49, 29, 34, 37, 23, 31, 2, 16, 44, 1, 51, 43, 47, 17, 24, 35, 53, 53, 26, 4, 9, 27, 16, 35, 30, 30, 38, 48, 22, 20, 15, 28, 46, 18, 44, 27, 47, 41, 24, 46, 50, 36, 40, 7, 19, 42, 23, 37, 33, 28, 29, 26, 45, 25, 51, 34, 50, 49, 39, 31, 13, 14, 39, 41, 42, 38, 11, 6, 2, 3, 45, 40, 43, 7, 13, 12, 14, 10, 32, 8, 21, 5, 52, 6]
bench_3_16	65	180000	false	--	[37, 38, 7, 16, 10, 52, 16, 17, 15, 13, 52, 52, 15, 1, 14, 9, 17, 11, 34, 12, 8, 37, 28, 27, 52, 37, 49, 50, 36, 34, 33, 44, 32, 5, 51, 38, 19, 46, 43, 41, 23, 51, 24, 36, 22, 31, 23, 13, 26, 16, 30, 29, 30, 25, 41, 24, 6, 15, 27, 45, 20, 25, 29, 47, 42, 40, 50, 47, 28, 40, 4, 21, 46, 49, 21, 20, 26, 22, 18, 33, 32, 48, 6, 48, 35, 35, 31, 2, 3, 45, 43, 44, 39, 5, 4, 3, 2, 18, 42, 39, 1, 17, 12, 14, 11, 9, 10, 8, 7, 19, 41]
bench_3_17	40	180000	false	--	[23, 39, 14, 52, 17, 1, 52, 52, 20, 12, 1, 51, 52, 18, 47, 3, 52, 9, 47, 11, 19, 50, 24, 25, 1, 38, 50, 51, 37, 36, 35, 48, 33, 41, 49, 42, 16, 34, 45, 41, 8, 49, 47, 13, 26, 30, 22, 5, 2, 8, 29, 28, 37, 21, 41, 23, 15, 6, 27, 44, 17, 25, 39, 46, 40, 40, 35, 31, 10, 34, 15, 20, 43, 33, 7, 6, 36, 38, 26, 45, 44, 46, 4, 43, 32, 31, 24, 16, 22, 30, 28, 29, 32, 12, 11, 9, 3, 21, 2, 27, 1, 42, 19, 18, 10, 14, 13, 7, 4, 5, 48]
bench_3_18	129	180000	false	--	[48, 25, 16, 50, 43, 49, 46, 49, 45, 10, 49, 49, 50, 44, 2, 44, 49, 44, 47, 44, 44, 48, 23, 8, 49, 33, 29, 30, 37, 34, 35, 1, 32, 47, 48, 4, 17, 32, 40, 23, 42, 28, 37, 42, 24, 16, 21, 3, 27, 45, 30, 29, 3, 6, 35, 22, 20, 15, 28, 40, 18, 26, 7, 27, 39, 33, 36, 31, 50, 51, 9, 19, 26, 22, 5, 43, 12, 9, 11, 15, 14, 25, 46, 24, 34, 52, 13, 1, 1, 21, 19, 20, 31, 5, 38, 4, 10, 36, 18, 17, 7, 13, 2, 12, 11, 8, 14, 41, 6, 38, 41]
bench_3_19	136	180000	false	--	[48, 30, 42, 44, 43, 49, 44, 47, 44, 44, 49, 49, 49, 42, 46, 20, 47, 43, 46, 43, 42, 48, 23, 21, 49, 30, 20, 20, 31, 31, 29, 34, 29, 41, 40, 41, 17, 6, 34, 10, 40, 19, 47, 45, 26, 28, 22, 1, 26, 16, 28, 27, 36, 16, 11, 24, 21, 15, 27, 33, 18, 25, 35, 18, 33, 9, 15, 7, 40, 32, 48, 19, 17, 13, 39, 39, 35, 24, 22, 37, 37, 2, 38, 1, 8, 23, 36, 45, 45, 14, 5, 12, 32, 12, 5, 4, 3, 25, 4, 3, 2, 14, 13, 11, 8, 10, 9, 7, 6, 38, 46]
bench_3_2	--	180000	false	--	--
bench_3_3	136	180000	false	--	[47, 22, 44, 43, 42, 3, 43, 3, 43, 52, 48, 3, 41, 20, 45, 42, 48, 42, 45, 42, 41, 47, 26, 33, 48, 19, 25, 25, 16, 18, 14, 21, 17, 53, 50, 51, 17, 29, 21, 29, 39, 26, 49, 40, 15, 13, 23, 15, 2, 22, 10, 8, 36, 35, 29, 24, 20, 16, 11, 9, 18, 7, 36, 24, 6, 30, 33, 28, 39, 4, 53, 19, 23, 32, 46, 38, 34, 34, 35, 38, 39, 27, 37, 27, 28, 1, 25, 43, 43, 32, 31, 31, 12, 9, 6, 4, 1, 5, 31, 30, 2, 14, 13, 11, 7, 12, 8, 10, 5, 54, 52]
bench_3_4	33	180000	false	--	[29, 2, 37, 36, 6, 50, 41, 31, 8, 12, 50, 50, 1, 7, 14, 9, 31, 10, 25, 18, 27, 29, 23, 32, 50, 35, 24, 49, 32, 33, 38, 44, 20, 4, 11, 51, 3, 48, 43, 41, 17, 26, 38, 51, 16, 15, 1, 4, 14, 12, 50, 34, 28, 15, 41, 22, 17, 10, 30, 47, 5, 42, 33, 45, 40, 40, 49, 45, 22, 46, 21, 19, 48, 46, 23, 19, 30, 42, 20, 16, 35, 52, 3, 52, 39, 39, 34, 2, 2, 43, 26, 44, 28, 11, 13, 21, 36, 25, 47, 24, 7, 18, 6, 31, 37, 27, 8, 29, 9, 5, 13]
bench_3_5	192	180000	false	--	[47, 22, 42, 44, 49, 3, 44, 1, 25, 43, 3, 3, 44, 41, 46, 42, 1, 42, 46, 42, 41, 47, 24, 35, 3, 18, 15, 15, 7, 19, 8, 27, 23, 45, 31, 21, 17, 20, 11, 29, 39, 26, 38, 40, 24, 2, 22, 14, 8, 25, 7, 13, 36, 14, 29, 23, 10, 16, 19, 10, 18, 17, 2, 13, 44, 28, 21, 30, 39, 35, 45, 32, 34, 32, 48, 40, 34, 41, 39, 26, 5, 4, 12, 37, 29, 9, 33, 27, 27, 46, 31, 31, 6, 5, 3, 37, 4, 20, 16, 30, 11, 33, 12, 36, 1, 9, 38, 28, 6, 15, 47]
bench_3_6	166	180000	false	--	[47, 20, 41, 48, 49, 48, 48, 35, 50, 43, 48, 48, 50, 43, 44, 2, 35, 2, 44, 42, 43, 47, 27, 32, 48, 17, 4, 10, 16, 15, 14, 24, 13, 47, 45, 38, 1, 29, 24, 3, 5, 26, 42, 40, 22, 12, 14, 3, 1, 20, 27, 7, 37, 33, 28, 25, 21, 8, 8, 23, 13, 6, 50, 30, 22, 32, 31, 21, 39, 11, 45, 18, 9, 31, 36, 41, 36, 44, 35, 40, 39, 28, 37, 25, 30, 19, 46, 2, 49, 34, 33, 33, 26, 10, 9, 5, 4, 18, 34, 29, 11, 23, 17, 19, 15, 16, 12, 7, 6, 38, 46]
bench_3_7	144	180000	false	--	[49, 33, 46, 50, 43, 7, 49, 47, 49, 45, 7, 48, 52, 45, 46, 3, 47, 3, 46, 47, 48, 49, 23, 26, 48, 32, 1, 25, 31, 29, 28, 33, 31, 44, 39, 42, 4, 11, 34, 15, 2, 22, 41, 42, 28, 29, 25, 18, 1, 20, 30, 27, 52, 19, 16, 26, 24, 19, 27, 35, 21, 13, 14, 24, 34, 18, 12, 10, 2, 36, 43, 22, 21, 9, 40, 41, 51, 32, 39, 38, 50, 8, 40, 6, 17, 23, 37, 44, 44, 7, 2, 3, 30, 12, 14, 9, 5, 13, 5, 4, 10, 16, 15, 38, 17, 37, 11, 8, 6, 20, 51]
bench_3_8	287	180000	false	--	[48, 25, 42, 44, 28, 49, 44, 47, 44, 21, 49, 49, 44, 22, 46, 43, 47, 43, 46, 43, 22, 48, 23, 12, 49, 36, 15, 34, 27, 5, 41, 30, 26, 46, 47, 14, 17, 8, 23, 37, 34, 20, 19, 15, 25, 8, 9, 14, 13, 35, 32, 24, 33, 16, 37, 22, 20, 19, 26, 33, 18, 30, 10, 40, 32, 24, 18, 7, 34, 40, 45, 38, 17, 39, 43, 41, 35, 49, 13, 37, 36, 6, 29, 38, 50, 31, 51, 5, 45, 11, 3, 4, 27, 4, 3, 2, 1, 31, 2, 1, 6, 11, 50, 48, 16, 10, 7, 12, 44, 39, 28]
bench_3_9	322	180000	false	--	[48, 30, 42, 49, 43, 49, 49, 47, 49, 44, 49, 49, 49, 44, 46, 43, 47, 43, 46, 43, 44, 48, 23, 25, 49, 27, 20, 21, 29, 29, 28, 33, 28, 39, 47, 46, 17, 10, 33, 1, 40, 19, 41, 41, 24, 27, 3, 14, 21, 16, 26, 26, 36, 22, 13, 22, 20, 15, 24, 32, 18, 7, 36, 3, 31, 12, 18, 9, 40, 31, 48, 19, 32, 17, 42, 40, 35, 35, 34, 38, 37, 8, 39, 5, 11, 23, 37, 2, 45, 16, 14, 15, 30, 34, 6, 4, 2, 7, 6, 4, 1, 25, 13, 11, 12, 9, 8, 10, 5, 38, 45]
bench_4_0	58	180000	false	--	[14, 26, 10, 35, 9, 6, 35, 15, 16, 17, 6, 52, 35, 7, 8, 23, 15, 51, 11, 51, 13, 14, 33, 32, 6, 30, 48, 49, 28, 31, 37, 12, 29, 3, 35, 33, 17, 46, 43, 40, 18, 47, 21, 42, 25, 36, 21, 8, 32, 7, 27, 34, 30, 31, 42, 22, 19, 14, 51, 41, 18, 52, 27, 46, 40, 12, 39, 48, 25, 39, 4, 20, 45, 43, 20, 22, 28, 29, 34, 36, 37, 50, 19, 50, 45, 44, 26, 1, 2, 41, 38, 47, 38, 2, 3, 1, 4, 24, 49, 44, 6, 23, 16, 15, 11, 9, 13, 5, 10, 24, 5]
bench_4_1	--	180000	false	--	--
bench_4_10	--	180000	false	--	--
bench_4_11	88	180000	false	--	[48, 30, 42, 48, 43, 49, 49, 47, 49, 44, 49, 49, 49, 43, 46, 44, 47, 44, 46, 44, 43, 48, 23, 26, 49, 30, 18, 21, 29, 29, 28, 33, 28, 41, 45, 41, 17, 11, 33, 1, 38, 19, 47, 40, 3, 27, 2, 15, 24, 20, 27, 25, 36, 22, 14, 22, 21, 16, 25, 32, 18, 3, 35, 17, 32, 13, 20, 10, 38, 31, 46, 19, 2, 16, 39, 39, 35, 34, 34, 37, 37, 9, 38, 7, 12, 23, 36, 45, 45, 15, 6, 8, 31, 8, 6, 5, 4, 24, 5, 4, 1, 26, 14, 13, 11, 10, 9, 12, 7, 40, 42]
bench_4_12	121	180000	false	--	[47, 23, 41, 43, 10, 26, 49, 46, 49, 43, 48, 49, 49, 41, 45, 42, 46, 42, 45, 42, 41, 48, 11, 32, 48, 15, 4, 25, 14, 13, 9, 50, 16, 38, 46, 40, 17, 27, 21, 28, 39, 3, 27, 50, 18, 10, 21, 5, 6, 16, 12, 8, 35, 32, 28, 22, 20, 15, 7, 5, 18, 11, 34, 2, 22, 28, 31, 14, 39, 24, 45, 19, 1, 31, 39, 37, 34, 33, 33, 36, 36, 26, 38, 25, 47, 20, 35, 44, 44, 30, 30, 30, 19, 4, 3, 2, 1, 17, 51, 29, 7, 42, 12, 23, 24, 9, 8, 6, 13, 37, 40]
bench_4_13	109	180000	false	--	[48, 24, 42, 44, 43, 49, 45, 47, 44, 44, 49, 49, 44, 43, 47, 45, 47, 45, 47, 45, 43, 50, 29, 34, 49, 32, 10, 11, 14, 30, 33, 33, 31, 42, 48, 41, 17, 14, 25, 16, 40, 3, 50, 35, 24, 27, 1, 20, 7, 8, 28, 2, 35, 29, 20, 25, 22, 21, 15, 22, 18, 2, 40, 1, 17, 5, 31, 12, 40, 18, 46, 19, 8, 30, 46, 39, 36, 34, 32, 38, 37, 9, 39, 13, 4, 15, 37, 41, 41, 26, 21, 23, 27, 5, 6, 26, 4, 7, 6, 19, 3, 16, 36, 13, 10, 12, 11, 9, 23, 38, 49]
bench_4_14	74	180000	false	--	[48, 21, 42, 30, 43, 9, 11, 48, 45, 44, 9, 51, 45, 43, 47, 44, 48, 44, 47, 44, 43, 48, 23, 6, 49, 36, 29, 51, 1, 34, 37, 41, 9, 46, 47, 13, 17, 32, 33, 34, 15, 28, 41, 31, 25, 30, 20, 14, 27, 6, 46, 29, 16, 5, 35, 49, 22, 15, 28, 40, 18, 26, 35, 27, 33, 23, 18, 31, 50, 40, 21, 19, 26, 22, 52, 4, 10, 8, 7, 12, 39, 36, 42, 25, 39, 38, 14, 45, 45, 24, 19, 20, 38, 4, 3, 2, 50, 24, 37, 17, 5, 13, 12, 11, 52, 16, 8, 10, 7, 2, 32]
bench_4_15	99	180000	false	--	[43, 1, 42, 44, 50, 48, 44, 33, 44, 44, 48, 12, 44, 42, 46, 1, 33, 1, 46, 1, 42, 43, 49, 33, 48, 29, 14, 15, 29, 49, 28, 5, 47, 36, 43, 36, 17, 2, 12, 20, 40, 7, 41, 41, 24, 26, 22, 6, 25, 16, 24, 30, 11, 50, 21, 40, 20, 15, 25, 10, 18, 23, 35, 18, 22, 19, 46, 3, 40, 8, 27, 19, 13, 35, 39, 38, 6, 34, 34, 37, 37, 9, 38, 16, 4, 30, 32, 28, 45, 31, 31, 31, 17, 4, 3, 48, 2, 27, 32, 45, 7, 13, 21, 10, 5, 8, 9, 14, 11, 39, 25]
bench_4_16	222	180000	false	--	[47, 7, 50, 44, 42, 48, 44, 30, 44, 2, 48, 48, 27, 42, 26, 43, 30, 43, 46, 43, 42, 47, 48, 18, 48, 13, 24, 25, 32, 15, 16, 3, 17, 45, 46, 49, 17, 43, 26, 7, 39, 41, 25, 6, 39, 12, 21, 14, 8, 13, 9, 11, 21, 1, 28, 22, 20, 15, 23, 16, 18, 38, 19, 41, 35, 12, 31, 14, 39, 37, 45, 19, 22, 10, 4, 27, 34, 35, 33, 37, 36, 29, 40, 40, 38, 5, 36, 34, 34, 31, 30, 30, 24, 4, 33, 3, 2, 44, 29, 32, 1, 6, 9, 11, 28, 10, 8, 23, 5, 20, 47]
bench_4_17	56	180000	false	--	[48, 52, 25, 11, 35, 8, 50, 47, 36, 44, 50, 46, 20, 42, 46, 43, 47, 43, 46, 43, 42, 12, 23, 54, 50, 36, 24, 34, 35, 28, 31, 31, 32, 45, 9, 48, 7, 37, 40, 19, 30, 32, 41, 43, 25, 33, 21, 14, 27, 41, 34, 29, 51, 13, 21, 22, 5, 15, 30, 26, 17, 26, 16, 49, 28, 5, 22, 23, 30, 27, 45, 19, 33, 42, 40, 38, 7, 18, 14, 53, 49, 39, 52, 16, 17, 29, 3, 44, 47, 15, 1, 6, 38, 2, 4, 3, 20, 24, 37, 39, 1, 13, 10, 11, 12, 9, 18, 6, 8, 4, 2]
bench_4_18	97	180000	false	--	[47, 38, 26, 48, 24, 48, 43, 46, 43, 43, 48, 48, 48, 21, 45, 42, 46, 42, 45, 42, 41, 50, 23, 33, 48, 7, 40, 40, 16, 17, 26, 3, 13, 45, 33, 25, 17, 27, 1, 28, 39, 36, 49, 32, 39, 15, 21, 8, 8, 11, 49, 32, 20, 11, 34, 22, 20, 15, 9, 25, 18, 6, 35, 19, 2, 47, 31, 23, 39, 44, 35, 19, 14, 31, 24, 38, 34, 50, 29, 4, 12, 6, 40, 27, 10, 41, 36, 12, 44, 37, 22, 30, 16, 4, 3, 2, 1, 5, 28, 29, 7, 13, 30, 5, 10, 14, 9, 42, 37, 46, 18]
bench_4_19	32	180000	false	--	[19, 33, 17, 12, 7, 21, 22, 18, 15, 37, 21, 54, 22, 5, 3, 8, 18, 9, 4, 10, 6, 26, 50, 52, 54, 36, 44, 48, 31, 26, 30, 22, 11, 16, 2, 11, 17, 49, 40, 47, 23, 45, 52, 32, 25, 35, 21, 14, 27, 5, 34, 29, 33, 41, 48, 54, 20, 15, 28, 42, 18, 32, 35, 46, 41, 46, 49, 38, 36, 43, 1, 19, 47, 44, 25, 28, 29, 27, 34, 31, 30, 38, 53, 51, 45, 39, 24, 13, 14, 40, 42, 43, 23, 4, 3, 1, 2, 24, 51, 39, 7, 37, 12, 6, 10, 9, 8, 16, 13, 50, 20]
bench_4_2	132	180000	false	--	[36, 20, 34, 50, 42, 4, 48, 49, 51, 43, 4, 50, 51, 3, 45, 1, 49, 1, 45, 45, 44, 41, 23, 23, 50, 19, 2, 24, 21, 18, 14, 27, 13, 47, 49, 43, 3, 31, 27, 2, 38, 9, 29, 44, 8, 15, 8, 1, 5, 25, 16, 11, 47, 55, 35, 19, 17, 22, 12, 26, 5, 6, 37, 7, 26, 33, 33, 46, 38, 24, 39, 20, 10, 38, 41, 42, 36, 35, 32, 40, 39, 53, 37, 28, 30, 25, 54, 4, 48, 32, 31, 31, 22, 9, 10, 34, 7, 17, 52, 28, 11, 21, 18, 14, 12, 16, 15, 13, 6, 51, 52]
bench_4_3	--	180000	false	--	--
bench_4_4	104	180000	false	--	[48, 9, 42, 49, 43, 49, 25, 47, 11, 35, 49, 49, 49, 42, 46, 43, 47, 43, 46, 43, 42, 48, 23, 2, 49, 24, 35, 36, 27, 28, 33, 30, 24, 46, 47, 4, 17, 5, 31, 9, 21, 33, 41, 6, 25, 38, 21, 13, 26, 14, 28, 30, 50, 1, 39, 22, 18, 15, 27, 34, 19, 26, 50, 31, 32, 19, 15, 37, 40, 29, 45, 20, 23, 16, 8, 39, 36, 20, 3, 22, 41, 18, 10, 17, 7, 34, 48, 45, 45, 14, 13, 40, 29, 2, 11, 4, 1, 37, 38, 44, 7, 10, 16, 3, 6, 44, 8, 12, 5, 12, 32]
bench_4_5	--	180000	false	--	--
bench_4_6	104	180000	false	--	[48, 28, 43, 44, 16, 49, 44, 47, 27, 33, 49, 49, 27, 28, 46, 43, 47, 43, 46, 43, 42, 48, 27, 13, 49, 26, 8, 9, 16, 44, 1, 32, 30, 46, 5, 40, 17, 7, 19, 3, 25, 50, 1, 34, 42, 49, 21, 12, 23, 5, 24, 26, 36, 6, 4, 22, 20, 14, 25, 20, 18, 33, 35, 31, 2, 22, 47, 12, 40, 18, 39, 19, 11, 32, 41, 37, 35, 23, 34, 50, 37, 17, 30, 10, 38, 21, 36, 45, 45, 2, 11, 31, 41, 13, 3, 39, 6, 24, 15, 14, 7, 38, 15, 48, 29, 10, 8, 45, 9, 4, 29]
bench_4_7	144	180000	false	--	[50, 10, 46, 48, 42, 48, 48, 24, 43, 40, 48, 48, 43, 41, 45, 42, 25, 42, 45, 42, 41, 50, 6, 32, 48, 16, 4, 7, 14, 13, 5, 39, 12, 45, 47, 37, 17, 27, 18, 28, 19, 3, 37, 43, 50, 15, 21, 14, 1, 10, 22, 9, 35, 32, 28, 22, 26, 15, 6, 16, 18, 24, 34, 2, 21, 28, 31, 26, 19, 20, 44, 27, 49, 31, 38, 38, 34, 33, 33, 36, 36, 17, 39, 40, 47, 19, 35, 44, 44, 30, 30, 30, 8, 4, 7, 2, 3, 11, 29, 29, 5, 20, 12, 9, 1, 25, 8, 23, 13, 46, 11]
bench_4_8	--	180000	false	--	--
bench_4_9	64	180000	false	--	[48, 28, 48, 49, 47, 49, 44, 47, 44, 44, 49, 49, 49, 42, 46, 43, 47, 43, 46, 43, 50, 48, 23, 12, 49, 26, 21, 28, 29, 26, 30, 11, 25, 24, 18, 50, 17, 8, 30, 11, 33, 45, 42, 40, 25, 27, 21, 12, 20, 5, 29, 20, 36, 16, 34, 22, 39, 15, 27, 23, 18, 24, 35, 40, 38, 10, 34, 7, 33, 46, 36, 19, 19, 32, 31, 17, 39, 22, 9, 14, 51, 6, 38, 5, 2, 33, 37, 45, 51, 13, 3, 4, 31, 4, 9, 3, 1, 13, 2, 1, 7, 16, 10, 37, 14, 35, 8, 6, 41, 43, 41]
bench_20_0	7	180000	false	--	[37, 49, 51, 43, 38, 2, 43, 28, 48, 24, 2, 48, 43, 18, 45, 42, 28, 42, 45, 52, 18, 37, 23, 26, 48, 27, 24, 24, 19, 53, 34, 31, 17, 50, 29, 12, 1, 28, 17, 10, 15, 35, 42, 40, 5, 12, 10, 8, 44, 39, 9, 14, 16, 33, 43, 11, 19, 13, 44, 41, 7, 29, 20, 40, 23, 47, 32, 6, 15, 3, 38, 18, 30, 37, 36, 22, 47, 52, 30, 3, 8, 7, 46, 21, 45, 25, 25, 31, 51, 41, 4, 13, 27, 35, 22, 26, 2, 39, 36, 33, 4, 16, 9, 15, 49, 21, 6, 20, 5, 50, 46]
bench_20_0	--	180000	false	--	--
bench_20_1	--	180000	false	--	--
bench_20_1	14	180000	false	--	[50, 27, 11, 52, 30, 47, 49, 23, 52, 17, 47, 35, 43, 39, 10, 1, 30, 36, 10, 42, 45, 28, 23, 38, 47, 20, 28, 28, 35, 16, 26, 24, 12, 51, 39, 37, 5, 26, 31, 4, 5, 14, 29, 21, 27, 38, 12, 3, 6, 13, 43, 46, 18, 48, 33, 20, 21, 8, 15, 46, 6, 19, 8, 25, 48, 45, 54, 42, 44, 22, 40, 33, 54, 34, 36, 52, 50, 25, 15, 53, 49, 19, 40, 51, 24, 7, 37, 3, 7, 32, 2, 31, 13, 17, 22, 32, 4, 41, 9, 16, 1, 2, 9, 41, 11, 47, 10, 34, 14, 29, 44]
bench_20_10	--	180000	false	--	--
bench_20_10	10	180000	false	--	[46, 28, 53, 16, 21, 2, 36, 12, 36, 6, 46, 46, 39, 11, 38, 20, 12, 43, 38, 43, 34, 51, 48, 27, 46, 4, 2, 2, 12, 47, 40, 39, 55, 48, 20, 54, 18, 32, 3, 13, 5, 32, 41, 53, 22, 55, 1, 5, 13, 10, 33, 50, 18, 21, 30, 26, 23, 54, 28, 42, 19, 45, 25, 19, 24, 51, 43, 37, 40, 37, 23, 52, 33, 29, 8, 42, 17, 15, 29, 38, 9, 26, 52, 30, 44, 35, 34, 7, 45, 14, 1, 4, 22, 6, 15, 14, 36, 24, 31, 49, 7, 16, 41, 17, 9, 8, 31, 11, 27, 10, 25]
bench_20_11	--	180000	false	--	--
bench_20_11	14	180000	false	--	[47, 15, 19, 13, 32, 35, 44, 46, 49, 43, 35, 35, 44, 42, 1, 4, 46, 11, 45, 43, 42, 47, 22, 33, 35, 39, 24, 24, 16, 52, 27, 21, 18, 40, 47, 38, 17, 34, 3, 28, 39, 50, 12, 50, 48, 33, 21, 2, 8, 27, 14, 10, 51, 31, 28, 25, 20, 8, 9, 10, 18, 7, 20, 22, 6, 25, 49, 14, 39, 2, 12, 23, 45, 17, 3, 38, 34, 48, 37, 36, 41, 26, 23, 28, 51, 37, 24, 19, 44, 26, 13, 30, 32, 4, 36, 6, 1, 5, 29, 29, 7, 11, 42, 15, 30, 9, 40, 16, 5, 41, 46]
bench_20_12	15	180000	false	--	[48, 51, 45, 48, 13, 3, 44, 4, 48, 9, 3, 3, 15, 5, 2, 28, 19, 30, 43, 54, 6, 39, 47, 52, 42, 50, 4, 4, 20, 37, 20, 33, 28, 43, 23, 55, 14, 7, 34, 11, 8, 12, 45, 36, 32, 54, 21, 5, 10, 19, 31, 34, 25, 22, 14, 22, 42, 15, 27, 26, 17, 24, 52, 10, 47, 49, 41, 27, 12, 50, 11, 25, 17, 35, 53, 56, 32, 51, 49, 37, 16, 39, 36, 38, 18, 35, 26, 44, 44, 53, 21, 56, 38, 13, 3, 6, 23, 24, 40, 57, 2, 7, 9, 46, 30, 1, 8, 16, 40, 29, 29]
bench_20_12	--	180000	false	--	--
bench_20_13	--	180000	false	--	--
bench_20_13	--	180000	false	--	--
bench_20_14	4	180000	false	--	[51, 20, 51, 50, 27, 5, 43, 4, 42, 46, 5, 19, 50, 45, 49, 42, 46, 42, 49, 42, 45, 47, 23, 33, 5, 45, 3, 29, 8, 10, 34, 24, 15, 48, 50, 39, 7, 29, 24, 16, 32, 3, 47, 43, 6, 12, 10, 5, 2, 20, 11, 48, 35, 7, 16, 22, 6, 18, 17, 14, 12, 40, 13, 44, 28, 27, 18, 26, 32, 9, 1, 19, 26, 36, 32, 40, 41, 37, 52, 38, 38, 28, 33, 25, 30, 39, 36, 1, 34, 16, 31, 44, 22, 4, 35, 14, 41, 52, 31, 30, 2, 13, 11, 37, 21, 17, 8, 15, 9, 23, 49]
bench_20_14	11	180000	false	--	[23, 52, 51, 43, 31, 48, 15, 46, 43, 21, 48, 48, 43, 27, 11, 5, 46, 42, 16, 42, 39, 46, 30, 41, 48, 35, 4, 29, 28, 45, 14, 50, 7, 29, 49, 35, 6, 24, 20, 4, 1, 37, 40, 26, 6, 41, 11, 14, 9, 31, 18, 23, 32, 43, 37, 22, 12, 32, 19, 21, 18, 24, 9, 36, 3, 20, 51, 45, 1, 49, 25, 36, 38, 50, 2, 39, 3, 12, 48, 10, 52, 22, 13, 25, 8, 42, 33, 44, 44, 13, 1, 30, 19, 44, 27, 2, 38, 40, 33, 47, 7, 28, 26, 17, 15, 34, 10, 16, 5, 8, 47]
bench_20_15	--	180000	false	--	--
bench_20_15	--	180000	false	--	--
bench_20_16	--	180000	false	--	--
bench_20_16	15	180000	false	--	[40, 52, 53, 22, 26, 10, 49, 22, 32, 24, 35, 10, 8, 18, 3, 7, 29, 42, 36, 42, 41, 16, 37, 20, 35, 49, 1, 12, 38, 15, 39, 5, 14, 44, 33, 47, 17, 13, 17, 28, 24, 43, 33, 47, 50, 7, 1, 13, 6, 14, 11, 56, 25, 30, 28, 21, 20, 15, 23, 51, 18, 48, 51, 46, 53, 35, 34, 27, 39, 21, 4, 19, 52, 31, 11, 40, 45, 54, 28, 45, 25, 30, 23, 9, 27, 44, 54, 4, 26, 46, 2, 55, 19, 34, 12, 2, 31, 6, 3, 36, 8, 16, 32, 56, 29, 43, 9, 5, 55, 50, 41]
bench_20_17	--	180000	false	--	--
bench_20_17	--	180000	false	--	--
bench_20_18	7	180000	false	--	[47, 18, 52, 43, 45, 5, 49, 46, 50, 34, 5, 48, 45, 9, 43, 3, 46, 3, 46, 42, 48, 47, 16, 33, 48, 19, 11, 17, 20, 15, 16, 24, 14, 39, 52, 40, 5, 30, 29, 30, 41, 4, 44, 37, 21, 13, 7, 1, 7, 12, 8, 11, 38, 35, 30, 21, 24, 19, 10, 25, 18, 12, 37, 25, 23, 27, 34, 28, 41, 23, 47, 22, 6, 42, 51, 38, 51, 36, 32, 40, 49, 31, 32, 26, 31, 27, 39, 1, 1, 29, 2, 35, 28, 17, 6, 4, 3, 22, 41, 33, 2, 13, 9, 15, 10, 26, 20, 8, 14, 36, 50]
bench_20_18	--	180000	false	--	--
bench_20_19	--	180000	false	--	--
bench_20_19	--	180000	false	--	--
bench_20_2	17	180000	false	--	[11, 52, 35, 49, 38, 3, 41, 1, 26, 28, 23, 40, 39, 22, 3, 34, 1, 34, 33, 34, 38, 43, 25, 31, 23, 31, 6, 15, 18, 24, 54, 49, 39, 52, 20, 40, 1, 7, 30, 18, 2, 44, 51, 13, 11, 25, 21, 4, 20, 45, 28, 29, 45, 53, 46, 32, 41, 7, 20, 42, 22, 10, 33, 48, 32, 55, 37, 26, 29, 16, 53, 42, 10, 16, 43, 24, 50, 23, 5, 54, 27, 37, 36, 36, 14, 30, 17, 15, 44, 21, 8, 9, 51, 14, 2, 27, 13, 46, 47, 34, 6, 19, 12, 35, 48, 17, 9, 55, 8, 12, 50]
bench_20_2	22	180000	false	--	[45, 19, 51, 8, 48, 42, 45, 36, 45, 2, 42, 15, 8, 10, 12, 9, 37, 40, 52, 40, 27, 46, 21, 52, 49, 26, 1, 16, 38, 5, 4, 47, 32, 34, 51, 46, 12, 31, 13, 17, 20, 33, 44, 31, 32, 27, 4, 20, 8, 24, 49, 26, 35, 53, 41, 5, 44, 23, 14, 13, 14, 25, 23, 47, 43, 29, 53, 3, 20, 7, 10, 15, 33, 6, 21, 28, 11, 29, 40, 39, 34, 38, 50, 25, 48, 28, 36, 35, 41, 18, 30, 37, 19, 18, 3, 39, 17, 43, 24, 22, 1, 9, 6, 7, 11, 30, 2, 22, 16, 42, 50]
bench_20_3	8	180000	false	--	[32, 28, 20, 5, 43, 41, 48, 47, 48, 33, 50, 50, 48, 42, 46, 43, 47, 43, 46, 43, 42, 48, 23, 31, 50, 29, 14, 35, 45, 12, 28, 12, 44, 34, 47, 11, 18, 2, 15, 10, 40, 34, 38, 7, 17, 17, 21, 2, 24, 16, 27, 23, 1, 21, 20, 22, 42, 6, 25, 19, 19, 50, 41, 39, 8, 29, 32, 26, 40, 9, 9, 26, 46, 6, 4, 39, 49, 15, 40, 37, 33, 44, 38, 16, 3, 13, 36, 45, 45, 18, 22, 31, 24, 5, 36, 3, 1, 11, 30, 27, 4, 13, 37, 35, 10, 49, 7, 8, 14, 30, 25]
bench_20_3	6	180000	false	--	[12, 26, 25, 49, 2, 21, 49, 19, 44, 34, 49, 49, 44, 42, 14, 25, 47, 38, 14, 43, 42, 52, 37, 41, 49, 50, 11, 15, 11, 48, 29, 42, 38, 12, 37, 39, 3, 13, 9, 3, 22, 13, 28, 51, 35, 32, 30, 15, 9, 23, 21, 26, 45, 20, 46, 36, 22, 20, 14, 53, 18, 53, 1, 23, 46, 29, 32, 43, 40, 35, 34, 19, 54, 8, 44, 27, 5, 2, 6, 36, 52, 50, 39, 18, 7, 10, 47, 40, 45, 41, 30, 31, 17, 1, 6, 5, 51, 24, 16, 33, 10, 33, 4, 7, 16, 27, 28, 8, 31, 24, 48]
bench_20_4	11	180000	false	--	[4, 20, 30, 21, 42, 48, 21, 47, 50, 38, 48, 48, 44, 11, 35, 43, 47, 43, 46, 43, 42, 43, 6, 33, 49, 15, 7, 27, 25, 13, 24, 24, 14, 45, 34, 40, 1, 45, 27, 29, 10, 46, 37, 40, 22, 20, 5, 3, 1, 28, 9, 5, 23, 32, 29, 22, 25, 15, 8, 11, 7, 2, 32, 26, 21, 17, 28, 3, 10, 12, 35, 19, 6, 31, 44, 41, 34, 38, 31, 37, 36, 16, 19, 18, 51, 48, 36, 13, 13, 39, 30, 30, 50, 4, 23, 18, 16, 17, 29, 33, 2, 9, 39, 14, 10, 26, 12, 8, 47, 49, 41]
bench_20_4	22	180000	false	--	[7, 35, 48, 1, 22, 8, 46, 49, 23, 10, 8, 8, 23, 19, 3, 1, 49, 1, 25, 49, 47, 30, 42, 40, 8, 20, 5, 21, 34, 37, 41, 34, 42, 28, 43, 36, 2, 52, 37, 2, 38, 28, 12, 46, 9, 16, 3, 23, 13, 52, 14, 53, 31, 30, 26, 6, 18, 24, 15, 17, 4, 4, 12, 36, 43, 29, 40, 24, 45, 27, 44, 5, 29, 39, 51, 45, 25, 18, 33, 32, 35, 27, 32, 39, 31, 41, 38, 51, 51, 50, 6, 33, 9, 7, 8, 11, 19, 21, 44, 26, 14, 22, 16, 20, 17, 47, 15, 10, 13, 11, 48]
bench_20_5	15	180000	false	--	[23, 27, 48, 21, 32, 4, 21, 53, 21, 37, 19, 38, 24, 5, 27, 17, 53, 17, 45, 18, 13, 23, 50, 55, 48, 22, 9, 56, 2, 14, 47, 28, 14, 35, 20, 30, 7, 42, 54, 1, 3, 43, 38, 45, 25, 17, 2, 15, 5, 24, 12, 16, 13, 6, 51, 22, 11, 35, 6, 20, 31, 34, 34, 30, 40, 10, 40, 18, 3, 56, 33, 36, 28, 49, 53, 21, 44, 54, 42, 37, 52, 8, 31, 50, 23, 32, 39, 36, 44, 39, 8, 8, 15, 46, 43, 29, 9, 7, 41, 41, 1, 47, 19, 33, 16, 10, 25, 26, 4, 49, 12]
bench_20_5	12	180000	false	--	[50, 24, 53, 50, 42, 1, 53, 3, 53, 43, 6, 48, 50, 12, 4, 6, 46, 16, 45, 42, 41, 50, 23, 44, 6, 21, 27, 29, 24, 19, 18, 29, 17, 49, 51, 47, 2, 32, 20, 1, 47, 31, 51, 49, 22, 16, 5, 8, 13, 30, 11, 15, 40, 35, 28, 22, 21, 17, 14, 27, 3, 9, 38, 23, 10, 32, 35, 31, 47, 30, 44, 19, 33, 34, 52, 45, 39, 38, 36, 43, 40, 26, 46, 25, 36, 7, 48, 2, 52, 39, 5, 37, 26, 4, 10, 7, 25, 8, 33, 34, 11, 20, 14, 28, 18, 15, 13, 9, 12, 37, 41]
bench_20_6	--	180000	false	--	--
bench_20_6	--	180000	false	--	--
bench_20_7	13	180000	false	--	[34, 42, 37, 19, 54, 1, 35, 47, 48, 46, 39, 10, 17, 15, 39, 45, 48, 45, 39, 50, 25, 5, 38, 22, 39, 45, 4, 9, 30, 7, 49, 11, 24, 36, 47, 49, 3, 52, 37, 21, 14, 18, 26, 33, 14, 32, 10, 2, 24, 26, 53, 34, 56, 55, 41, 18, 17, 6, 40, 44, 16, 13, 44, 55, 8, 7, 42, 43, 40, 9, 54, 33, 32, 31, 46, 16, 43, 35, 53, 38, 51, 52, 41, 19, 28, 2, 8, 13, 27, 12, 15, 23, 50, 25, 36, 28, 20, 31, 29, 30, 1, 22, 4, 29, 12, 27, 23, 11, 5, 21, 6]
bench_20_7	12	180000	false	--	[48, 27, 42, 52, 43, 48, 44, 47, 49, 44, 48, 49, 49, 42, 6, 3, 47, 23, 46, 23, 42, 48, 34, 33, 48, 29, 14, 15, 29, 28, 26, 12, 24, 40, 47, 30, 1, 4, 45, 1, 40, 19, 41, 50, 24, 35, 21, 4, 8, 3, 26, 27, 16, 46, 21, 22, 17, 14, 28, 10, 18, 50, 35, 11, 9, 5, 13, 33, 40, 8, 45, 19, 11, 32, 39, 51, 37, 34, 32, 37, 15, 22, 25, 36, 16, 38, 36, 2, 18, 31, 31, 31, 17, 7, 5, 25, 23, 20, 13, 7, 2, 30, 6, 52, 43, 10, 9, 39, 12, 38, 41]
bench_20_8	8	180000	false	--	[47, 27, 46, 43, 6, 48, 43, 46, 7, 43, 48, 48, 43, 41, 45, 42, 46, 42, 45, 42, 41, 47, 26, 10, 48, 40, 21, 25, 38, 15, 14, 5, 38, 45, 41, 9, 17, 28, 4, 28, 39, 24, 13, 39, 49, 22, 21, 12, 8, 34, 32, 10, 30, 49, 28, 22, 9, 15, 11, 12, 18, 34, 37, 24, 17, 23, 40, 31, 39, 44, 35, 19, 13, 3, 32, 16, 48, 33, 33, 36, 36, 25, 30, 29, 4, 20, 35, 44, 44, 2, 6, 23, 19, 20, 3, 7, 2, 18, 26, 29, 8, 14, 5, 11, 31, 27, 42, 16, 1, 37, 47]
bench_20_8	12	180000	false	--	[43, 18, 52, 4, 49, 26, 4, 23, 51, 50, 31, 49, 4, 6, 17, 8, 50, 10, 17, 12, 6, 48, 35, 30, 35, 47, 20, 45, 13, 14, 32, 34, 41, 41, 33, 29, 1, 36, 51, 3, 3, 21, 10, 38, 25, 28, 13, 18, 1, 11, 5, 9, 31, 19, 33, 21, 19, 27, 24, 26, 5, 47, 43, 46, 44, 37, 27, 40, 3, 52, 42, 23, 29, 42, 7, 53, 53, 22, 30, 44, 48, 6, 38, 28, 46, 37, 11, 15, 36, 32, 39, 39, 16, 2, 20, 17, 7, 25, 2, 54, 4, 16, 22, 12, 14, 15, 8, 9, 24, 45, 39]
bench_20_9	18	180000	false	--	[27, 17, 44, 48, 42, 14, 50, 27, 18, 39, 14, 14, 18, 34, 5, 5, 51, 42, 45, 42, 41, 27, 24, 41, 36, 7, 1, 8, 14, 45, 30, 55, 38, 53, 32, 30, 4, 11, 24, 29, 22, 49, 46, 52, 2, 4, 3, 10, 12, 43, 33, 3, 51, 25, 29, 17, 2, 26, 21, 10, 13, 19, 37, 15, 16, 46, 50, 23, 38, 26, 44, 19, 36, 9, 13, 52, 53, 18, 34, 9, 39, 12, 48, 28, 28, 20, 47, 35, 35, 29, 31, 31, 25, 23, 35, 11, 15, 22, 47, 40, 6, 8, 16, 1, 21, 54, 7, 33, 20, 32, 31]
bench_20_9	10	180000	false	--	[11, 17, 25, 10, 27, 26, 49, 48, 16, 52, 48, 48, 16, 39, 1, 28, 51, 28, 1, 28, 39, 11, 19, 46, 48, 15, 3, 47, 12, 18, 9, 28, 23, 31, 42, 37, 1, 5, 20, 6, 27, 33, 40, 49, 8, 50, 20, 10, 4, 16, 22, 25, 54, 35, 32, 24, 18, 11, 7, 38, 8, 19, 36, 5, 55, 30, 32, 29, 29, 21, 30, 17, 53, 34, 40, 31, 35, 26, 42, 44, 41, 24, 52, 45, 34, 54, 43, 13, 43, 41, 2, 2, 37, 6, 3, 14, 33, 23, 39, 45, 7, 22, 51, 15, 12, 13, 9, 4, 21, 14, 2]
bench_2_0	106	180000	false	--	[49, 24, 1, 46, 4, 50, 46, 49, 46, 45, 50, 50, 46, 3, 47, 22, 49, 45, 47, 45, 7, 49, 23, 37, 50, 36, 42, 43, 35, 34, 37, 44, 33, 50, 47, 16, 17, 27, 43, 28, 2, 41, 48, 13, 26, 32, 21, 14, 27, 16, 31, 30, 21, 23, 29, 22, 20, 15, 29, 42, 18, 28, 20, 40, 41, 26, 36, 24, 14, 40, 46, 19, 39, 35, 12, 10, 19, 18, 17, 8, 6, 44, 11, 38, 25, 39, 5, 15, 15, 34, 32, 33, 38, 7, 4, 3, 1, 25, 31, 30, 2, 13, 12, 11, 10, 9, 8, 6, 5, 9, 48]
bench_2_0	106	180000	false	--	[49, 37, 1, 46, 4, 50, 46, 49, 46, 46, 50, 50, 46, 3, 48, 26, 49, 45, 48, 45, 7, 49, 23, 37, 50, 36, 42, 43, 35, 34, 33, 43, 32, 28, 48, 45, 17, 27, 44, 24, 15, 41, 29, 14, 24, 31, 21, 9, 13, 15, 30, 27, 25, 23, 30, 22, 28, 19, 20, 42, 18, 11, 22, 40, 41, 34, 47, 13, 16, 40, 47, 25, 39, 35, 12, 10, 21, 18, 17, 8, 6, 44, 9, 38, 20, 39, 5, 19, 19, 36, 2, 33, 38, 26, 7, 3, 4, 2, 32, 31, 1, 29, 12, 10, 14, 16, 8, 6, 5, 11, 50]
bench_2_1	120	180000	false	--	[4, 40, 15, 51, 3, 51, 21, 49, 21, 20, 52, 24, 51, 1, 48, 2, 49, 6, 48, 44, 1, 52, 23, 11, 52, 37, 46, 46, 29, 34, 44, 35, 32, 7, 30, 14, 17, 13, 11, 2, 9, 45, 16, 50, 25, 31, 21, 5, 1, 50, 12, 28, 40, 28, 29, 22, 8, 14, 24, 42, 18, 26, 23, 45, 41, 37, 33, 48, 27, 39, 47, 19, 13, 34, 43, 8, 42, 35, 39, 19, 18, 41, 10, 38, 26, 38, 17, 22, 22, 25, 12, 31, 33, 6, 3, 49, 4, 36, 32, 36, 7, 43, 27, 16, 30, 9, 15, 20, 10, 5, 47]
bench_2_1	112	180000	false	--	[49, 37, 7, 21, 14, 51, 51, 3, 21, 17, 52, 52, 52, 1, 54, 4, 3, 15, 54, 16, 2, 50, 23, 36, 52, 35, 46, 47, 36, 34, 33, 44, 32, 32, 49, 12, 17, 41, 43, 28, 9, 46, 13, 5, 24, 31, 21, 7, 27, 16, 30, 29, 23, 35, 29, 22, 20, 15, 28, 42, 18, 26, 44, 45, 41, 27, 34, 38, 10, 40, 47, 19, 45, 33, 8, 48, 42, 37, 43, 19, 18, 40, 11, 39, 26, 39, 20, 22, 22, 48, 30, 31, 38, 4, 3, 53, 1, 25, 25, 24, 2, 13, 12, 11, 10, 9, 8, 6, 5, 6, 50]
bench_2_10	191	180000	false	--	[48, 31, 44, 44, 43, 49, 49, 47, 50, 45, 49, 49, 49, 42, 46, 5, 47, 5, 46, 43, 42, 48, 23, 51, 49, 32, 4, 36, 30, 30, 38, 34, 6, 47, 50, 48, 1, 7, 33, 11, 40, 28, 10, 40, 25, 28, 20, 14, 17, 35, 41, 41, 34, 12, 14, 22, 18, 15, 26, 31, 3, 6, 13, 26, 24, 8, 27, 2, 40, 25, 46, 8, 23, 18, 52, 39, 29, 19, 32, 38, 35, 22, 37, 3, 9, 17, 33, 45, 45, 21, 1, 20, 4, 19, 13, 12, 52, 24, 16, 15, 2, 29, 27, 11, 21, 9, 16, 5, 7, 36, 51]
bench_2_10	178	180000	false	--	[48, 35, 47, 44, 46, 49, 44, 50, 43, 43, 49, 2, 43, 42, 47, 42, 50, 42, 47, 42, 42, 49, 23, 37, 49, 36, 31, 35, 34, 41, 4, 34, 30, 48, 45, 1, 17, 7, 32, 3, 39, 36, 11, 38, 25, 28, 21, 14, 27, 26, 29, 31, 17, 27, 13, 22, 33, 15, 39, 29, 18, 30, 14, 23, 28, 9, 8, 6, 39, 9, 38, 19, 32, 21, 46, 44, 12, 24, 26, 10, 5, 18, 45, 4, 40, 25, 22, 16, 16, 20, 15, 19, 3, 11, 16, 5, 1, 24, 2, 33, 7, 40, 12, 10, 20, 6, 8, 37, 13, 50, 41]
bench_2_11	248	180000	false	--	[48, 17, 37, 49, 20, 50, 49, 47, 44, 44, 50, 49, 49, 42, 46, 43, 47, 43, 46, 43, 42, 46, 23, 2, 50, 30, 35, 42, 29, 30, 29, 32, 26, 50, 47, 28, 5, 41, 43, 9, 40, 9, 22, 25, 34, 40, 7, 14, 16, 12, 38, 16, 21, 1, 10, 20, 22, 15, 27, 25, 19, 26, 6, 37, 10, 8, 12, 14, 40, 32, 7, 33, 23, 11, 4, 38, 31, 31, 3, 39, 34, 39, 19, 5, 35, 17, 24, 33, 33, 27, 13, 15, 36, 3, 4, 2, 1, 24, 45, 18, 41, 21, 11, 28, 8, 18, 45, 13, 6, 36, 48]
bench_2_11	262	180000	false	--	[48, 31, 42, 49, 29, 49, 50, 47, 44, 44, 50, 50, 50, 42, 7, 43, 47, 43, 46, 43, 42, 48, 23, 2, 50, 24, 35, 36, 43, 30, 24, 47, 30, 46, 20, 41, 17, 39, 33, 9, 40, 35, 40, 20, 25, 28, 21, 14, 26, 16, 28, 27, 22, 1, 10, 22, 13, 15, 27, 33, 18, 26, 16, 34, 32, 8, 19, 51, 40, 32, 45, 19, 23, 21, 39, 5, 6, 3, 4, 17, 37, 18, 38, 31, 7, 25, 36, 45, 45, 12, 13, 14, 51, 2, 3, 41, 1, 34, 15, 11, 8, 4, 12, 11, 10, 9, 37, 6, 5, 38, 48]
bench_2_12	124	180000	false	--	[48, 34, 31, 49, 43, 49, 49, 47, 49, 44, 49, 49, 1, 42, 30, 43, 47, 43, 30, 43, 42, 48, 23, 36, 49, 13, 33, 34, 37, 35, 32, 13, 33, 3, 25, 8, 17, 23, 27, 17, 40, 44, 41, 11, 47, 41, 19, 14, 27, 36, 30, 29, 14, 12, 20, 21, 20, 15, 28, 28, 18, 26, 10, 24, 16, 18, 5, 42, 40, 29, 45, 22, 37, 12, 38, 40, 15, 22, 16, 46, 2, 32, 26, 35, 19, 11, 4, 45, 45, 9, 7, 39, 39, 4, 31, 2, 1, 24, 6, 21, 7, 38, 3, 25, 6, 9, 8, 10, 5, 46, 48]
bench_2_12	136	180000	false	--	[47, 37, 42, 44, 43, 48, 44, 47, 44, 44, 48, 48, 44, 42, 46, 43, 47, 43, 46, 43, 42, 47, 23, 13, 48, 36, 33, 33, 38, 35, 34, 31, 32, 46, 33, 41, 17, 36, 30, 19, 40, 32, 41, 40, 25, 31, 21, 14, 27, 16, 30, 29, 22, 12, 20, 22, 20, 15, 28, 29, 18, 26, 21, 25, 28, 18, 10, 23, 40, 27, 45, 19, 24, 9, 39, 38, 16, 15, 14, 4, 2, 35, 37, 34, 17, 26, 1, 45, 45, 8, 6, 7, 39, 4, 11, 2, 1, 24, 5, 3, 3, 13, 12, 7, 10, 9, 8, 6, 5, 11, 48]
bench_2_13	--	180000	false	--	--
bench_2_13	290	180000	false	--	[50, 30, 48, 42, 43, 2, 49, 47, 42, 44, 2, 50, 49, 43, 1, 44, 47, 44, 46, 44, 43, 50, 23, 36, 49, 28, 8, 17, 29, 27, 3, 7, 27, 47, 48, 31, 9, 4, 22, 15, 40, 29, 54, 5, 24, 36, 21, 15, 25, 17, 26, 26, 52, 20, 21, 22, 14, 16, 25, 9, 18, 23, 39, 12, 10, 6, 33, 3, 40, 35, 46, 19, 16, 32, 41, 38, 13, 14, 34, 53, 45, 18, 51, 11, 20, 5, 37, 45, 45, 28, 32, 32, 19, 6, 2, 4, 41, 24, 31, 30, 1, 7, 10, 12, 11, 13, 8, 40, 33, 35, 25]
bench_2_14	264	180000	false	--	[49, 13, 43, 43, 36, 5, 43, 1, 40, 52, 5, 44, 38, 41, 2, 3, 46, 3, 45, 51, 41, 47, 20, 32, 50, 16, 1, 1, 31, 15, 12, 27, 22, 45, 46, 28, 17, 35, 34, 28, 39, 4, 44, 51, 36, 9, 7, 9, 6, 19, 10, 8, 38, 31, 28, 25, 15, 10, 17, 23, 18, 11, 34, 39, 20, 27, 29, 23, 39, 18, 42, 22, 29, 30, 52, 40, 47, 33, 35, 49, 42, 26, 37, 21, 24, 19, 50, 2, 48, 33, 30, 30, 14, 4, 21, 24, 32, 7, 25, 26, 3, 13, 11, 14, 12, 16, 8, 6, 5, 48, 37]
bench_2_14	--	180000	false	--	--
bench_2_15	440	180000	false	--	[47, 18, 41, 43, 42, 47, 43, 46, 43, 43, 47, 47, 43, 41, 45, 42, 46, 42, 45, 42, 41, 47, 23, 33, 47, 17, 25, 25, 16, 15, 14, 22, 13, 44, 45, 40, 17, 27, 21, 29, 39, 24, 40, 44, 6, 12, 20, 13, 2, 15, 10, 9, 35, 32, 29, 21, 16, 14, 8, 20, 18, 1, 35, 23, 19, 28, 32, 27, 39, 7, 39, 19, 22, 31, 38, 38, 34, 34, 33, 36, 36, 26, 37, 26, 28, 3, 25, 4, 4, 31, 30, 30, 11, 4, 3, 24, 7, 5, 30, 29, 1, 12, 11, 10, 6, 2, 9, 8, 5, 37, 46]
bench_2_15	--	180000	false	--	--
bench_2_16	328	180000	false	--	[45, 26, 45, 44, 18, 4, 44, 42, 44, 41, 48, 48, 44, 32, 4, 2, 42, 2, 46, 43, 38, 45, 27, 33, 48, 6, 48, 48, 30, 49, 29, 9, 28, 49, 22, 43, 1, 6, 37, 31, 40, 27, 11, 19, 24, 28, 2, 10, 25, 5, 30, 39, 20, 10, 31, 14, 20, 15, 25, 17, 17, 29, 16, 13, 14, 7, 34, 35, 40, 19, 47, 44, 13, 15, 7, 34, 47, 36, 1, 42, 22, 39, 31, 16, 3, 5, 21, 46, 46, 36, 32, 32, 26, 8, 3, 11, 35, 24, 23, 12, 9, 33, 41, 23, 40, 37, 21, 18, 12, 38, 25]
bench_2_16	299	180000	false	--	[48, 11, 42, 37, 42, 47, 44, 47, 44, 26, 47, 48, 44, 41, 24, 43, 47, 43, 24, 43, 41, 49, 21, 40, 47, 32, 5, 15, 38, 28, 6, 22, 4, 45, 46, 33, 17, 2, 39, 19, 2, 13, 9, 40, 14, 43, 13, 36, 25, 30, 29, 11, 46, 21, 31, 22, 20, 39, 25, 18, 18, 6, 35, 32, 36, 41, 1, 23, 2, 45, 12, 19, 10, 35, 30, 3, 49, 34, 8, 44, 29, 17, 26, 7, 4, 27, 16, 12, 12, 20, 31, 31, 28, 9, 3, 16, 1, 27, 38, 14, 5, 33, 23, 15, 24, 34, 8, 7, 10, 37, 25]
bench_2_17	294	180000	false	--	[47, 35, 41, 33, 48, 48, 33, 46, 27, 37, 48, 48, 27, 41, 7, 21, 46, 21, 7, 21, 41, 47, 23, 17, 48, 24, 15, 16, 11, 31, 18, 39, 20, 45, 47, 38, 18, 1, 36, 28, 9, 40, 30, 4, 24, 35, 21, 6, 5, 9, 43, 45, 8, 42, 28, 22, 17, 15, 25, 40, 19, 20, 10, 13, 11, 38, 28, 1, 9, 29, 44, 37, 43, 34, 13, 34, 39, 6, 22, 26, 25, 2, 12, 3, 27, 42, 23, 44, 44, 31, 30, 30, 5, 2, 14, 12, 32, 29, 36, 19, 7, 33, 3, 26, 10, 16, 8, 4, 46, 32, 14]
bench_2_17	--	180000	false	--	--
bench_2_18	120	180000	false	--	[49, 36, 51, 44, 45, 48, 51, 16, 44, 45, 48, 48, 44, 42, 46, 44, 47, 44, 46, 44, 42, 49, 42, 15, 48, 29, 8, 36, 35, 34, 33, 33, 32, 49, 47, 31, 3, 37, 30, 3, 40, 32, 41, 40, 27, 30, 6, 4, 1, 20, 28, 26, 26, 11, 22, 23, 18, 31, 14, 29, 7, 24, 21, 28, 34, 18, 39, 25, 40, 24, 50, 22, 27, 13, 43, 50, 23, 19, 16, 10, 17, 35, 20, 37, 7, 14, 12, 5, 46, 2, 1, 9, 38, 10, 41, 12, 5, 8, 4, 6, 2, 39, 19, 17, 13, 43, 11, 15, 9, 38, 48]
bench_2_18	128	180000	false	--	[47, 36, 45, 44, 9, 48, 44, 1, 44, 50, 48, 48, 44, 39, 46, 4, 49, 43, 46, 43, 39, 47, 23, 10, 48, 29, 33, 33, 37, 32, 26, 31, 30, 46, 33, 43, 2, 36, 30, 18, 40, 25, 41, 42, 42, 31, 5, 12, 7, 10, 28, 39, 40, 15, 19, 22, 6, 15, 24, 29, 18, 25, 21, 32, 24, 2, 20, 37, 40, 7, 50, 19, 38, 17, 34, 4, 22, 8, 16, 49, 3, 35, 47, 13, 5, 26, 14, 35, 45, 28, 6, 12, 38, 9, 3, 34, 1, 13, 27, 11, 8, 21, 27, 14, 41, 16, 11, 20, 17, 23, 48]
bench_2_19	53	180000	false	--	[18, 33, 17, 23, 6, 20, 23, 16, 39, 11, 20, 22, 54, 5, 3, 8, 16, 9, 4, 10, 7, 18, 21, 31, 20, 28, 38, 48, 27, 37, 30, 44, 32, 19, 15, 34, 18, 47, 43, 49, 36, 51, 24, 21, 25, 29, 4, 12, 35, 6, 41, 14, 30, 40, 51, 23, 17, 15, 46, 42, 19, 53, 46, 49, 26, 45, 52, 50, 36, 54, 1, 20, 45, 43, 33, 37, 28, 27, 32, 35, 25, 52, 34, 50, 48, 40, 29, 12, 13, 36, 42, 44, 31, 22, 2, 3, 1, 24, 38, 47, 8, 7, 11, 5, 13, 10, 9, 16, 39, 14, 2]
bench_2_19	--	180000	false	--	--
bench_2_2	142	180000	false	--	[21, 46, 22, 48, 37, 15, 48, 40, 48, 33, 15, 15, 48, 29, 12, 44, 40, 44, 12, 44, 29, 9, 43, 10, 15, 23, 3, 25, 17, 12, 45, 34, 29, 6, 16, 18, 1, 31, 25, 32, 47, 36, 8, 19, 39, 37, 4, 8, 24, 27, 32, 26, 4, 39, 38, 22, 15, 49, 42, 31, 2, 30, 14, 48, 35, 30, 41, 35, 47, 38, 11, 10, 36, 40, 49, 47, 26, 17, 2, 7, 27, 46, 20, 44, 23, 3, 5, 43, 43, 34, 24, 28, 28, 13, 33, 21, 11, 41, 42, 45, 5, 19, 20, 16, 9, 7, 6, 18, 14, 1, 13]
bench_2_2	182	180000	false	--	[50, 48, 15, 50, 44, 11, 50, 3, 2, 10, 11, 11, 50, 17, 34, 44, 3, 44, 34, 44, 22, 50, 33, 49, 11, 36, 43, 45, 46, 34, 30, 39, 49, 16, 48, 14, 2, 46, 42, 30, 13, 42, 38, 20, 24, 21, 20, 1, 27, 16, 37, 23, 5, 23, 31, 22, 8, 9, 28, 40, 18, 32, 8, 43, 19, 29, 37, 31, 19, 25, 4, 41, 25, 27, 6, 40, 7, 18, 41, 21, 35, 26, 6, 47, 28, 47, 12, 1, 1, 45, 24, 33, 26, 4, 3, 13, 10, 29, 32, 39, 5, 15, 12, 38, 14, 35, 17, 7, 11, 36, 9]
bench_2_3	75	180000	false	--	[48, 31, 2, 49, 16, 51, 49, 50, 49, 7, 51, 51, 49, 19, 14, 4, 50, 4, 15, 11, 29, 48, 23, 25, 51, 32, 28, 49, 25, 36, 30, 51, 34, 5, 10, 17, 12, 27, 43, 27, 9, 46, 12, 39, 35, 4, 2, 17, 3, 15, 44, 37, 37, 32, 43, 39, 26, 24, 13, 42, 19, 47, 18, 40, 41, 42, 6, 40, 26, 18, 22, 20, 45, 36, 31, 33, 3, 34, 35, 47, 44, 46, 1, 45, 38, 38, 23, 8, 21, 28, 13, 30, 6, 7, 14, 5, 10, 33, 29, 41, 1, 16, 48, 9, 21, 11, 8, 22, 50, 24, 20]
bench_2_3	74	180000	false	--	[39, 37, 4, 18, 24, 8, 51, 29, 16, 34, 10, 10, 51, 5, 48, 3, 29, 22, 50, 22, 6, 39, 24, 36, 10, 33, 1, 32, 22, 47, 46, 43, 19, 21, 27, 12, 3, 38, 15, 1, 17, 42, 7, 11, 44, 36, 6, 4, 25, 10, 49, 26, 46, 17, 42, 7, 31, 5, 39, 41, 12, 30, 26, 9, 28, 40, 43, 41, 17, 38, 35, 16, 20, 37, 31, 2, 44, 45, 33, 25, 47, 20, 14, 9, 28, 40, 19, 49, 49, 15, 48, 48, 50, 18, 23, 27, 8, 45, 32, 30, 14, 11, 21, 34, 35, 29, 51, 13, 2, 13, 23]
bench_2_4	55	180000	false	--	[31, 36, 17, 38, 18, 51, 38, 23, 22, 8, 51, 51, 38, 2, 49, 3, 23, 4, 49, 6, 20, 31, 20, 14, 51, 37, 27, 28, 45, 38, 39, 46, 35, 25, 42, 11, 15, 47, 43, 42, 3, 44, 15, 13, 24, 34, 23, 1, 29, 17, 33, 26, 46, 24, 42, 25, 22, 21, 30, 41, 18, 7, 48, 51, 50, 43, 35, 41, 12, 40, 16, 19, 48, 34, 10, 9, 44, 36, 39, 45, 37, 28, 5, 27, 40, 47, 50, 19, 21, 30, 29, 33, 49, 32, 4, 6, 8, 14, 26, 7, 2, 16, 31, 11, 13, 12, 10, 9, 5, 1, 32]
bench_2_4	80	180000	false	--	[14, 29, 10, 18, 21, 16, 18, 51, 50, 4, 52, 52, 50, 32, 34, 2, 51, 5, 34, 22, 41, 14, 10, 25, 52, 36, 48, 49, 16, 33, 46, 44, 9, 3, 37, 1, 17, 26, 40, 43, 11, 47, 7, 49, 13, 35, 1, 22, 27, 15, 50, 45, 38, 13, 44, 12, 32, 52, 38, 23, 18, 42, 33, 34, 31, 47, 46, 40, 31, 43, 42, 41, 39, 30, 8, 12, 28, 23, 36, 9, 45, 39, 6, 26, 24, 24, 35, 19, 20, 30, 28, 29, 51, 2, 5, 3, 4, 25, 27, 48, 7, 11, 14, 8, 6, 20, 21, 37, 19, 17, 15]
bench_2_5	246	180000	false	--	[48, 30, 42, 49, 43, 49, 49, 47, 49, 45, 49, 49, 49, 43, 46, 44, 47, 44, 46, 44, 43, 48, 23, 34, 49, 30, 20, 21, 29, 29, 28, 33, 28, 46, 47, 45, 17, 5, 33, 12, 40, 19, 41, 44, 24, 27, 21, 14, 25, 5, 27, 26, 36, 22, 13, 22, 20, 15, 26, 32, 18, 24, 36, 18, 32, 10, 16, 7, 40, 31, 42, 19, 17, 15, 40, 39, 35, 35, 34, 38, 37, 4, 39, 2, 11, 23, 37, 1, 41, 14, 8, 9, 31, 9, 8, 6, 3, 25, 6, 3, 1, 13, 12, 11, 7, 10, 2, 4, 16, 38, 48]
bench_2_5	235	180000	false	--	[48, 30, 42, 44, 43, 49, 44, 47, 44, 44, 49, 49, 44, 42, 46, 43, 47, 43, 46, 43, 42, 48, 23, 34, 49, 30, 20, 21, 29, 29, 28, 33, 28, 48, 49, 46, 17, 10, 33, 3, 39, 19, 41, 40, 25, 31, 21, 14, 5, 16, 31, 27, 36, 16, 15, 22, 20, 15, 27, 34, 18, 32, 35, 18, 35, 12, 22, 9, 39, 25, 47, 19, 17, 13, 41, 40, 37, 26, 24, 37, 36, 8, 39, 4, 11, 23, 38, 1, 45, 14, 2, 7, 32, 13, 7, 6, 2, 5, 6, 3, 1, 26, 24, 11, 8, 9, 4, 12, 10, 38, 45]
bench_2_6	228	180000	false	--	[47, 17, 29, 48, 46, 48, 48, 29, 43, 43, 48, 48, 43, 32, 39, 42, 46, 42, 39, 42, 32, 47, 47, 11, 48, 49, 15, 16, 21, 24, 49, 14, 21, 45, 36, 40, 1, 4, 34, 28, 39, 33, 38, 38, 23, 17, 13, 14, 18, 16, 23, 25, 2, 34, 28, 22, 24, 15, 19, 6, 18, 22, 13, 10, 8, 9, 30, 3, 51, 7, 44, 19, 12, 5, 37, 40, 50, 33, 28, 36, 1, 41, 45, 26, 27, 11, 20, 44, 44, 25, 30, 30, 3, 4, 31, 2, 27, 42, 31, 35, 7, 12, 41, 35, 9, 26, 8, 6, 50, 37, 5]
bench_2_6	--	180000	false	--	--
bench_2_7	94	180000	false	--	[50, 25, 14, 49, 22, 51, 51, 49, 49, 21, 51, 51, 51, 2, 29, 10, 49, 16, 29, 17, 3, 50, 23, 36, 51, 34, 46, 47, 30, 29, 36, 42, 35, 18, 48, 1, 18, 41, 39, 28, 9, 46, 13, 5, 4, 37, 22, 15, 27, 21, 31, 26, 23, 35, 48, 24, 16, 17, 32, 41, 19, 44, 43, 45, 28, 32, 34, 38, 11, 40, 24, 20, 45, 4, 8, 6, 42, 47, 26, 44, 50, 40, 12, 39, 37, 43, 19, 20, 20, 25, 27, 30, 38, 2, 10, 3, 33, 7, 7, 31, 1, 13, 12, 11, 14, 9, 8, 6, 5, 15, 33]
bench_2_7	94	180000	false	--	[50, 38, 15, 50, 33, 51, 50, 49, 9, 16, 51, 51, 50, 4, 48, 3, 49, 6, 48, 38, 4, 50, 43, 30, 51, 4, 46, 47, 36, 30, 29, 39, 37, 1, 34, 13, 2, 23, 40, 28, 10, 46, 12, 11, 24, 25, 21, 14, 27, 10, 22, 26, 44, 35, 29, 51, 20, 15, 35, 32, 18, 28, 43, 45, 41, 27, 34, 47, 20, 44, 31, 19, 45, 36, 7, 14, 25, 42, 41, 19, 18, 40, 8, 39, 26, 23, 2, 21, 21, 32, 24, 31, 48, 6, 5, 3, 16, 42, 22, 37, 8, 13, 7, 17, 11, 1, 12, 9, 33, 17, 49]
bench_2_8	584	180000	false	--	[47, 18, 41, 43, 42, 48, 43, 46, 43, 43, 48, 48, 43, 41, 45, 42, 46, 42, 45, 42, 41, 47, 23, 32, 48, 17, 24, 25, 16, 15, 14, 21, 13, 45, 46, 44, 17, 27, 20, 29, 44, 25, 40, 39, 6, 11, 21, 14, 1, 16, 10, 9, 38, 33, 29, 22, 20, 15, 8, 19, 18, 7, 35, 23, 13, 28, 32, 27, 44, 4, 40, 19, 22, 31, 38, 39, 34, 34, 33, 37, 36, 26, 35, 26, 28, 3, 36, 2, 47, 31, 30, 30, 12, 4, 3, 2, 24, 5, 30, 29, 1, 12, 11, 10, 9, 6, 8, 5, 7, 37, 48]
bench_2_8	534	180000	false	--	[46, 35, 31, 42, 28, 47, 42, 36, 42, 42, 47, 47, 42, 40, 30, 41, 36, 41, 30, 41, 40, 46, 23, 32, 47, 16, 24, 24, 10, 15, 14, 21, 13, 44, 45, 45, 1, 17, 20, 28, 39, 23, 25, 37, 6, 34, 21, 9, 9, 44, 11, 25, 18, 36, 28, 22, 20, 11, 41, 31, 18, 7, 17, 1, 30, 27, 32, 38, 39, 2, 5, 19, 22, 27, 26, 39, 34, 33, 47, 43, 35, 26, 12, 12, 8, 4, 24, 43, 43, 3, 4, 4, 19, 29, 38, 2, 3, 15, 29, 6, 7, 13, 46, 14, 10, 33, 8, 5, 16, 37, 40]
bench_2_9	164	180000	false	--	[49, 15, 22, 21, 3, 48, 32, 35, 21, 5, 48, 48, 49, 9, 47, 2, 37, 43, 47, 43, 9, 49, 31, 20, 51, 53, 35, 35, 28, 52, 26, 36, 29, 43, 47, 39, 11, 23, 15, 10, 41, 31, 39, 48, 27, 26, 1, 2, 6, 16, 6, 25, 50, 18, 36, 46, 19, 21, 28, 29, 12, 30, 3, 51, 33, 11, 19, 13, 41, 30, 46, 13, 32, 44, 38, 17, 41, 5, 12, 4, 45, 33, 37, 1, 40, 34, 24, 45, 50, 42, 7, 14, 27, 4, 18, 20, 38, 22, 8, 16, 14, 7, 24, 40, 10, 8, 23, 44, 9, 17, 42]
bench_2_9	142	180000	false	--	[51, 38, 43, 48, 43, 5, 49, 3, 49, 45, 5, 49, 49, 3, 44, 1, 41, 1, 44, 46, 3, 51, 23, 33, 49, 24, 2, 39, 36, 28, 28, 30, 35, 47, 46, 50, 9, 11, 36, 16, 39, 8, 50, 37, 25, 26, 22, 15, 2, 34, 26, 14, 32, 4, 18, 27, 19, 16, 24, 35, 10, 14, 45, 38, 30, 21, 31, 12, 39, 29, 48, 33, 23, 22, 40, 44, 34, 6, 13, 41, 42, 19, 40, 9, 10, 29, 37, 51, 51, 20, 5, 27, 25, 6, 7, 4, 13, 8, 15, 17, 1, 20, 32, 31, 21, 18, 17, 12, 11, 42, 47]
bench_3_0	--	180000	false	--	--
bench_3_0	53	180000	false	--	[51, 37, 52, 48, 19, 51, 48, 50, 4, 3, 51, 51, 48, 17, 23, 1, 50, 2, 23, 2, 43, 51, 48, 25, 51, 36, 5, 50, 35, 34, 31, 45, 32, 8, 49, 27, 7, 45, 43, 42, 10, 49, 13, 9, 29, 30, 22, 15, 17, 19, 33, 28, 46, 29, 42, 23, 27, 16, 18, 24, 11, 25, 38, 52, 41, 41, 34, 39, 12, 4, 42, 21, 44, 33, 11, 7, 37, 35, 36, 53, 46, 5, 6, 44, 38, 39, 24, 53, 53, 32, 30, 31, 2, 40, 47, 3, 54, 1, 28, 18, 9, 20, 13, 12, 14, 26, 10, 8, 6, 26, 20]
bench_3_1	--	180000	false	--	--
bench_3_1	125	180000	false	--	[48, 33, 42, 48, 44, 14, 25, 47, 49, 50, 49, 49, 48, 42, 46, 2, 47, 2, 46, 2, 42, 48, 23, 30, 49, 33, 18, 19, 26, 44, 29, 15, 23, 50, 28, 43, 17, 22, 5, 1, 40, 47, 39, 43, 24, 27, 2, 5, 25, 18, 28, 45, 36, 29, 20, 40, 21, 15, 25, 11, 19, 26, 37, 46, 10, 4, 52, 7, 40, 8, 27, 22, 13, 32, 39, 41, 36, 34, 34, 14, 37, 21, 16, 16, 30, 12, 38, 6, 45, 31, 3, 41, 17, 4, 6, 7, 3, 24, 35, 32, 11, 8, 9, 51, 10, 13, 12, 20, 1, 38, 9]
bench_3_10	68	180000	false	--	[51, 37, 27, 16, 8, 53, 16, 37, 13, 12, 53, 53, 13, 6, 14, 9, 37, 10, 15, 11, 7, 52, 23, 36, 53, 36, 49, 51, 54, 29, 33, 40, 34, 4, 17, 22, 5, 47, 43, 41, 21, 48, 55, 35, 25, 32, 21, 14, 17, 6, 30, 31, 30, 26, 42, 22, 20, 15, 28, 42, 18, 26, 35, 46, 41, 40, 45, 46, 23, 39, 3, 19, 47, 44, 20, 19, 28, 25, 34, 33, 32, 50, 18, 50, 39, 45, 31, 1, 2, 43, 44, 49, 38, 4, 2, 3, 1, 24, 48, 38, 7, 13, 27, 16, 10, 9, 12, 8, 11, 5, 52]
bench_3_10	62	180000	false	--	[24, 20, 17, 4, 12, 39, 1, 29, 13, 5, 39, 39, 13, 6, 3, 9, 29, 9, 28, 31, 8, 24, 21, 33, 39, 35, 42, 44, 33, 37, 34, 10, 25, 28, 14, 20, 15, 46, 50, 10, 7, 51, 19, 16, 18, 27, 7, 2, 26, 17, 32, 9, 18, 32, 42, 11, 23, 5, 30, 48, 16, 39, 25, 43, 40, 43, 50, 41, 37, 49, 52, 19, 45, 48, 15, 11, 27, 34, 30, 26, 36, 46, 23, 41, 47, 47, 35, 2, 22, 49, 44, 45, 38, 4, 3, 1, 52, 36, 40, 38, 6, 14, 31, 13, 8, 24, 12, 29, 22, 21, 51]
bench_3_11	148	180000	false	--	[48, 26, 42, 44, 47, 48, 44, 47, 44, 44, 48, 48, 44, 32, 46, 43, 47, 43, 46, 43, 43, 48, 27, 26, 48, 29, 14, 17, 36, 28, 28, 10, 30, 31, 38, 41, 5, 1, 8, 19, 40, 15, 39, 40, 30, 27, 19, 12, 25, 15, 23, 34, 45, 33, 20, 22, 20, 14, 25, 37, 17, 10, 35, 13, 7, 2, 24, 5, 40, 33, 42, 21, 12, 18, 41, 46, 36, 34, 21, 37, 11, 3, 23, 16, 4, 9, 6, 45, 45, 31, 6, 6, 29, 4, 24, 1, 2, 18, 22, 38, 8, 3, 16, 35, 13, 9, 11, 32, 7, 39, 25]
bench_3_11	--	180000	false	--	--
bench_3_12	45	180000	false	--	[3, 37, 8, 49, 22, 52, 18, 19, 49, 12, 52, 52, 18, 15, 21, 1, 48, 1, 25, 14, 16, 3, 23, 30, 52, 36, 40, 41, 50, 6, 16, 48, 27, 7, 37, 10, 4, 40, 47, 24, 11, 45, 47, 9, 34, 31, 9, 2, 32, 11, 29, 35, 34, 24, 43, 20, 25, 18, 39, 44, 5, 28, 36, 49, 43, 38, 32, 45, 26, 42, 17, 19, 46, 39, 2, 35, 52, 41, 50, 6, 23, 1, 13, 46, 42, 51, 44, 4, 20, 31, 28, 29, 38, 17, 14, 3, 12, 30, 27, 51, 7, 13, 8, 26, 21, 22, 15, 10, 33, 5, 33]
bench_3_12	38	180000	false	--	[49, 40, 14, 18, 8, 16, 28, 34, 28, 6, 51, 51, 28, 15, 22, 2, 40, 3, 23, 4, 53, 49, 24, 31, 51, 27, 38, 50, 37, 36, 30, 46, 32, 9, 17, 12, 18, 43, 28, 41, 1, 47, 20, 35, 52, 33, 22, 15, 12, 11, 34, 31, 30, 25, 42, 23, 5, 16, 35, 41, 19, 39, 36, 49, 51, 44, 37, 13, 21, 42, 52, 20, 26, 46, 13, 7, 29, 26, 39, 48, 45, 38, 10, 47, 48, 45, 24, 5, 19, 43, 29, 33, 44, 4, 3, 6, 2, 25, 32, 27, 7, 10, 14, 1, 21, 9, 8, 17, 53, 11, 50]
bench_3_13	129	180000	false	--	[48, 31, 45, 49, 45, 10, 44, 10, 46, 51, 10, 49, 49, 42, 50, 5, 47, 43, 50, 43, 42, 48, 23, 38, 49, 31, 35, 35, 30, 30, 29, 34, 29, 47, 51, 52, 17, 6, 26, 12, 40, 8, 11, 41, 25, 52, 21, 1, 9, 16, 28, 9, 22, 2, 15, 22, 20, 15, 27, 34, 18, 14, 36, 37, 27, 24, 43, 3, 40, 32, 48, 19, 23, 16, 40, 44, 7, 4, 19, 39, 38, 17, 28, 18, 8, 25, 37, 1, 46, 33, 21, 32, 14, 4, 11, 2, 7, 26, 13, 20, 3, 13, 12, 36, 39, 5, 33, 6, 24, 42, 41]
bench_3_13	112	180000	false	--	[48, 31, 18, 44, 43, 49, 44, 47, 44, 19, 49, 49, 49, 42, 46, 43, 47, 43, 46, 43, 42, 48, 23, 21, 49, 30, 35, 35, 28, 30, 29, 42, 26, 35, 47, 40, 17, 37, 33, 8, 46, 51, 51, 50, 25, 28, 21, 14, 26, 16, 27, 27, 22, 3, 9, 22, 20, 15, 31, 33, 18, 34, 2, 34, 32, 10, 20, 4, 46, 32, 45, 19, 23, 15, 41, 44, 29, 7, 6, 1, 37, 12, 39, 17, 5, 25, 36, 45, 48, 16, 13, 14, 24, 7, 3, 6, 2, 24, 12, 11, 1, 13, 10, 11, 36, 9, 8, 4, 5, 38, 50]
bench_3_14	154	180000	false	--	[48, 14, 6, 49, 3, 49, 49, 22, 49, 10, 49, 49, 49, 5, 46, 43, 47, 43, 46, 43, 41, 40, 3, 32, 49, 33, 34, 35, 50, 35, 30, 29, 28, 17, 4, 31, 2, 18, 26, 2, 23, 29, 9, 47, 39, 16, 10, 12, 43, 9, 27, 31, 30, 14, 7, 13, 22, 15, 46, 28, 18, 34, 21, 36, 38, 8, 12, 17, 23, 25, 45, 21, 48, 13, 50, 15, 16, 1, 24, 20, 37, 26, 39, 23, 42, 24, 42, 45, 45, 36, 11, 33, 27, 20, 19, 5, 1, 41, 25, 38, 4, 37, 11, 40, 32, 44, 8, 6, 7, 19, 44]
bench_3_14	133	180000	false	--	[48, 37, 48, 1, 37, 49, 2, 47, 15, 22, 49, 49, 2, 42, 46, 43, 47, 43, 46, 43, 42, 48, 39, 29, 49, 28, 34, 34, 38, 36, 33, 38, 30, 46, 47, 13, 17, 21, 25, 7, 43, 33, 14, 40, 35, 26, 21, 12, 27, 13, 29, 32, 25, 16, 8, 22, 42, 14, 41, 45, 18, 6, 31, 27, 20, 6, 24, 17, 43, 36, 34, 19, 31, 18, 39, 41, 30, 3, 20, 10, 19, 28, 49, 5, 5, 23, 35, 45, 45, 32, 11, 12, 26, 3, 15, 2, 1, 24, 23, 9, 7, 10, 40, 16, 4, 44, 11, 9, 8, 44, 4]
bench_3_15	56	180000	false	--	[19, 37, 20, 22, 7, 53, 15, 18, 12, 11, 53, 21, 22, 5, 3, 8, 18, 9, 4, 10, 6, 19, 26, 52, 53, 36, 48, 49, 35, 34, 33, 44, 32, 2, 16, 53, 17, 51, 43, 47, 26, 47, 52, 37, 24, 31, 21, 11, 27, 16, 30, 29, 28, 38, 48, 22, 20, 15, 28, 42, 18, 23, 29, 46, 41, 46, 49, 50, 30, 39, 1, 19, 45, 39, 34, 36, 35, 27, 33, 25, 24, 51, 32, 50, 45, 40, 31, 13, 14, 43, 41, 42, 38, 4, 1, 3, 2, 25, 40, 44, 7, 13, 12, 14, 10, 9, 8, 6, 5, 23, 17]
bench_3_15	56	180000	false	--	[19, 37, 17, 15, 7, 22, 15, 18, 12, 11, 22, 53, 20, 5, 3, 8, 18, 9, 4, 10, 6, 19, 23, 52, 22, 36, 48, 49, 35, 34, 33, 44, 32, 2, 16, 53, 17, 51, 43, 47, 35, 47, 52, 37, 25, 31, 21, 14, 27, 16, 30, 29, 30, 38, 48, 22, 20, 15, 28, 42, 18, 26, 29, 46, 41, 46, 49, 50, 36, 40, 1, 19, 45, 44, 34, 33, 28, 27, 26, 31, 25, 51, 32, 50, 45, 39, 24, 13, 14, 43, 41, 42, 38, 4, 3, 2, 1, 24, 40, 39, 7, 13, 12, 11, 10, 9, 8, 6, 5, 23, 21]
bench_3_16	66	180000	false	--	[51, 37, 5, 16, 8, 52, 53, 52, 13, 12, 53, 53, 16, 1, 15, 9, 52, 10, 39, 11, 7, 51, 23, 28, 53, 36, 48, 49, 39, 35, 34, 44, 33, 4, 18, 36, 17, 46, 43, 42, 22, 47, 35, 24, 26, 32, 22, 15, 28, 18, 31, 30, 31, 27, 43, 24, 21, 16, 29, 42, 19, 27, 30, 46, 41, 41, 51, 45, 23, 40, 6, 20, 45, 49, 21, 20, 29, 26, 25, 34, 33, 50, 19, 50, 40, 38, 32, 2, 3, 48, 14, 44, 14, 6, 4, 3, 2, 25, 38, 47, 1, 8, 13, 12, 11, 10, 9, 7, 5, 17, 37]
bench_3_16	66	180000	false	--	[53, 48, 24, 16, 8, 14, 16, 37, 9, 53, 14, 35, 45, 1, 14, 6, 37, 10, 15, 11, 5, 47, 23, 31, 35, 36, 30, 46, 45, 39, 13, 43, 19, 12, 36, 28, 17, 46, 44, 41, 21, 51, 17, 19, 29, 47, 21, 9, 27, 8, 25, 31, 30, 39, 41, 32, 20, 15, 28, 7, 18, 33, 33, 26, 40, 40, 42, 51, 23, 42, 4, 22, 49, 49, 32, 22, 27, 25, 13, 48, 34, 50, 18, 50, 52, 52, 29, 2, 3, 7, 26, 44, 38, 3, 12, 4, 2, 34, 43, 38, 6, 24, 1, 37, 35, 16, 11, 10, 5, 20, 41]
bench_3_17	51	180000	false	--	[52, 33, 26, 9, 21, 1, 9, 52, 19, 12, 5, 1, 9, 4, 25, 1, 52, 1, 25, 11, 18, 28, 13, 33, 7, 31, 5, 47, 43, 48, 36, 45, 53, 42, 20, 16, 2, 41, 28, 46, 14, 49, 17, 22, 29, 35, 4, 22, 6, 20, 38, 32, 26, 38, 51, 16, 21, 24, 37, 39, 9, 30, 36, 50, 46, 45, 32, 39, 15, 41, 24, 19, 34, 6, 44, 27, 37, 35, 29, 47, 40, 50, 2, 34, 49, 40, 13, 3, 23, 30, 3, 53, 51, 11, 12, 7, 8, 25, 43, 48, 14, 10, 42, 18, 44, 27, 23, 15, 17, 10, 8]
bench_3_17	45	180000	false	--	[50, 30, 6, 49, 8, 14, 49, 50, 49, 11, 14, 42, 49, 1, 21, 2, 50, 3, 21, 4, 31, 50, 10, 23, 42, 17, 48, 49, 37, 35, 39, 40, 29, 16, 48, 13, 1, 22, 22, 42, 17, 51, 18, 12, 25, 47, 24, 11, 27, 13, 43, 32, 27, 25, 42, 31, 44, 12, 28, 15, 18, 36, 40, 46, 41, 38, 43, 15, 24, 33, 20, 19, 45, 36, 44, 9, 34, 41, 29, 35, 47, 46, 19, 45, 33, 23, 10, 5, 7, 30, 28, 32, 38, 2, 5, 3, 4, 34, 37, 39, 8, 6, 20, 26, 7, 9, 14, 16, 21, 26, 51]
bench_3_18	108	180000	false	--	[46, 37, 49, 46, 50, 47, 50, 44, 46, 51, 48, 48, 50, 27, 42, 32, 44, 33, 42, 33, 45, 46, 38, 1, 48, 30, 17, 25, 16, 41, 40, 29, 20, 48, 51, 44, 4, 20, 26, 28, 40, 36, 45, 43, 24, 36, 8, 6, 28, 15, 35, 17, 12, 2, 35, 9, 14, 7, 31, 39, 11, 25, 7, 30, 29, 38, 18, 24, 42, 22, 52, 18, 16, 14, 43, 21, 10, 5, 6, 23, 15, 34, 19, 31, 37, 26, 13, 47, 47, 11, 8, 9, 22, 32, 21, 19, 3, 34, 4, 41, 1, 23, 12, 5, 10, 33, 27, 2, 13, 3, 49]
bench_3_18	93	180000	false	--	[48, 38, 10, 45, 50, 4, 41, 49, 45, 46, 4, 4, 45, 44, 47, 3, 49, 3, 47, 44, 44, 48, 27, 9, 4, 36, 30, 31, 20, 35, 32, 43, 31, 46, 37, 42, 19, 33, 41, 27, 10, 29, 42, 48, 25, 33, 7, 16, 28, 17, 30, 26, 13, 8, 35, 22, 50, 18, 34, 52, 21, 29, 1, 28, 40, 38, 36, 32, 16, 39, 47, 23, 26, 23, 43, 34, 14, 12, 11, 17, 18, 25, 6, 24, 37, 51, 15, 3, 45, 22, 19, 20, 39, 6, 5, 4, 49, 24, 21, 7, 9, 15, 14, 2, 1, 13, 12, 8, 11, 5, 2]
bench_3_19	147	180000	false	--	[49, 30, 42, 44, 45, 49, 44, 22, 44, 39, 49, 49, 14, 42, 46, 1, 47, 37, 46, 37, 42, 49, 23, 5, 49, 32, 20, 21, 27, 29, 28, 2, 25, 10, 47, 50, 17, 8, 48, 11, 40, 19, 41, 44, 30, 22, 9, 15, 24, 12, 29, 26, 41, 46, 12, 14, 20, 16, 27, 23, 18, 21, 6, 18, 26, 10, 15, 7, 40, 31, 48, 19, 17, 1, 40, 33, 3, 43, 34, 34, 38, 24, 33, 16, 9, 32, 36, 45, 45, 50, 2, 4, 28, 3, 5, 37, 4, 25, 13, 38, 7, 13, 11, 43, 35, 36, 8, 6, 39, 35, 31]
bench_3_19	127	180000	false	--	[44, 30, 42, 49, 43, 40, 49, 47, 50, 6, 49, 49, 49, 42, 46, 43, 47, 43, 46, 43, 42, 48, 23, 22, 49, 30, 20, 21, 26, 27, 28, 33, 28, 46, 31, 48, 17, 8, 13, 11, 40, 19, 41, 47, 25, 29, 21, 14, 25, 16, 27, 29, 35, 34, 12, 22, 20, 15, 26, 32, 18, 24, 37, 18, 44, 10, 15, 7, 40, 32, 13, 19, 17, 14, 41, 39, 36, 35, 34, 39, 37, 5, 38, 2, 9, 23, 36, 45, 45, 31, 4, 16, 50, 3, 45, 6, 1, 24, 3, 1, 2, 9, 4, 11, 10, 12, 8, 7, 5, 38, 33]
bench_3_2	109	180000	false	--	[8, 4, 42, 45, 41, 49, 37, 3, 45, 13, 49, 49, 45, 42, 46, 43, 3, 43, 46, 43, 42, 31, 23, 13, 49, 36, 2, 34, 47, 35, 48, 35, 50, 45, 47, 25, 18, 40, 31, 22, 40, 33, 16, 41, 34, 24, 1, 16, 2, 44, 15, 29, 17, 38, 30, 22, 20, 17, 32, 29, 21, 33, 19, 37, 32, 18, 11, 23, 40, 50, 26, 30, 24, 12, 15, 43, 39, 21, 14, 28, 27, 36, 39, 26, 20, 28, 6, 44, 44, 10, 1, 8, 38, 7, 3, 6, 27, 14, 9, 5, 11, 10, 46, 9, 49, 12, 19, 5, 25, 7, 48]
bench_3_2	115	180000	false	--	[48, 34, 44, 49, 4, 49, 44, 47, 44, 42, 49, 49, 49, 42, 12, 43, 47, 43, 12, 43, 42, 48, 23, 22, 49, 26, 33, 34, 36, 38, 30, 38, 13, 46, 47, 41, 6, 35, 36, 19, 40, 32, 21, 41, 25, 31, 21, 7, 27, 10, 24, 48, 39, 15, 20, 22, 20, 15, 33, 27, 18, 35, 16, 25, 26, 18, 10, 23, 40, 28, 39, 19, 24, 9, 11, 16, 1, 13, 14, 43, 11, 30, 29, 31, 6, 37, 3, 45, 45, 7, 2, 8, 28, 4, 46, 3, 29, 32, 17, 5, 1, 9, 45, 14, 12, 2, 8, 17, 5, 40, 37]
bench_3_3	182	180000	false	--	[47, 18, 41, 43, 50, 48, 43, 46, 43, 43, 48, 49, 43, 42, 46, 44, 46, 44, 46, 44, 42, 49, 23, 34, 48, 17, 26, 26, 16, 15, 14, 19, 13, 51, 44, 37, 17, 32, 23, 29, 36, 24, 45, 52, 6, 24, 21, 6, 5, 16, 20, 10, 35, 32, 29, 22, 20, 15, 9, 7, 18, 8, 34, 22, 2, 11, 28, 28, 36, 4, 40, 19, 21, 30, 39, 53, 35, 33, 33, 42, 36, 25, 38, 27, 25, 1, 26, 50, 50, 31, 29, 31, 12, 7, 4, 2, 1, 3, 30, 27, 8, 14, 13, 11, 10, 12, 9, 5, 3, 37, 51]
bench_3_3	210	180000	false	--	[47, 18, 20, 41, 42, 48, 41, 12, 41, 37, 48, 49, 48, 7, 6, 42, 46, 42, 45, 42, 7, 47, 23, 32, 49, 17, 24, 24, 16, 21, 14, 21, 13, 46, 45, 24, 16, 26, 25, 28, 39, 1, 37, 50, 5, 44, 8, 14, 1, 9, 10, 8, 36, 30, 28, 19, 2, 15, 9, 2, 18, 35, 33, 23, 30, 28, 40, 26, 39, 4, 43, 20, 15, 29, 38, 32, 39, 34, 34, 36, 33, 38, 51, 40, 43, 22, 35, 44, 44, 31, 11, 29, 19, 4, 3, 7, 27, 6, 3, 27, 5, 13, 31, 12, 17, 11, 10, 25, 22, 41, 47]
bench_3_4	35	180000	false	--	[51, 49, 45, 16, 44, 52, 16, 37, 13, 12, 52, 52, 13, 6, 14, 9, 37, 10, 15, 11, 7, 51, 23, 24, 52, 36, 28, 45, 1, 21, 33, 43, 29, 4, 50, 17, 17, 6, 41, 41, 19, 47, 5, 23, 8, 30, 11, 37, 27, 10, 25, 35, 32, 36, 42, 22, 20, 50, 32, 42, 18, 24, 29, 46, 39, 40, 28, 38, 22, 48, 3, 19, 38, 47, 20, 21, 27, 25, 30, 8, 49, 34, 18, 34, 52, 40, 33, 1, 2, 48, 43, 46, 31, 26, 3, 4, 2, 5, 39, 31, 7, 14, 16, 44, 15, 12, 9, 13, 51, 35, 26]
bench_3_4	--	180000	false	--	--
bench_3_5	174	180000	false	--	[47, 23, 10, 43, 42, 48, 48, 29, 46, 39, 48, 49, 46, 41, 43, 20, 29, 20, 45, 20, 41, 47, 23, 32, 49, 50, 3, 16, 25, 10, 25, 41, 33, 8, 49, 40, 17, 7, 26, 1, 39, 11, 20, 37, 24, 26, 21, 14, 18, 16, 27, 38, 35, 32, 28, 27, 33, 15, 19, 14, 18, 21, 24, 13, 5, 28, 31, 44, 39, 7, 45, 19, 12, 50, 38, 17, 6, 22, 34, 5, 36, 15, 6, 4, 3, 9, 36, 44, 44, 2, 30, 30, 31, 8, 4, 2, 29, 35, 46, 30, 1, 42, 12, 11, 13, 9, 37, 22, 40, 34, 47]
bench_3_5	162	180000	false	--	[47, 27, 41, 13, 42, 48, 13, 46, 13, 29, 48, 49, 49, 42, 46, 44, 46, 44, 46, 44, 42, 47, 37, 33, 48, 40, 15, 16, 25, 25, 4, 11, 40, 45, 50, 44, 4, 14, 13, 7, 39, 43, 8, 51, 35, 34, 21, 9, 18, 16, 21, 12, 36, 23, 39, 31, 20, 15, 19, 9, 18, 22, 14, 24, 2, 11, 10, 43, 39, 6, 45, 19, 28, 51, 5, 17, 27, 34, 37, 35, 36, 32, 38, 3, 28, 7, 38, 1, 50, 22, 30, 31, 20, 29, 3, 30, 1, 23, 24, 12, 2, 6, 33, 32, 26, 10, 8, 17, 5, 26, 47]
bench_3_6	219	180000	false	--	[9, 37, 14, 48, 38, 48, 43, 32, 48, 43, 48, 48, 43, 41, 45, 42, 32, 42, 45, 42, 41, 9, 42, 27, 48, 11, 1, 2, 16, 13, 12, 24, 24, 45, 46, 40, 17, 22, 8, 28, 39, 47, 39, 33, 18, 10, 21, 11, 6, 14, 15, 5, 35, 28, 28, 22, 20, 15, 7, 23, 18, 26, 32, 4, 19, 27, 31, 26, 39, 21, 44, 19, 23, 31, 40, 41, 34, 46, 33, 38, 36, 30, 36, 25, 3, 20, 35, 44, 44, 30, 29, 29, 4, 47, 3, 2, 1, 17, 29, 12, 7, 16, 25, 13, 10, 9, 8, 6, 5, 37, 34]
bench_3_6	174	180000	false	--	[47, 16, 41, 48, 42, 48, 46, 27, 46, 37, 48, 48, 48, 41, 45, 2, 44, 2, 45, 42, 41, 47, 22, 32, 48, 14, 1, 24, 7, 12, 4, 34, 13, 43, 6, 40, 17, 45, 24, 33, 39, 21, 46, 3, 18, 10, 4, 2, 5, 16, 11, 9, 36, 30, 33, 20, 15, 14, 8, 20, 18, 7, 49, 25, 23, 43, 32, 27, 39, 22, 35, 19, 3, 31, 40, 38, 34, 33, 47, 37, 38, 26, 49, 6, 28, 23, 35, 44, 44, 15, 30, 30, 19, 26, 25, 21, 28, 17, 29, 31, 1, 13, 12, 11, 10, 9, 8, 29, 5, 36, 39]
bench_3_7	190	180000	false	--	[48, 30, 42, 49, 12, 49, 44, 22, 44, 44, 49, 49, 49, 16, 46, 43, 47, 43, 46, 43, 16, 48, 23, 22, 49, 30, 20, 21, 29, 29, 28, 33, 28, 46, 47, 38, 17, 14, 51, 11, 40, 19, 41, 40, 25, 27, 21, 8, 25, 13, 27, 24, 18, 16, 53, 36, 20, 15, 26, 32, 18, 26, 35, 23, 52, 13, 15, 7, 40, 50, 35, 19, 17, 1, 38, 41, 1, 34, 33, 37, 36, 6, 39, 5, 9, 52, 10, 45, 45, 37, 3, 4, 31, 4, 3, 2, 45, 24, 2, 8, 7, 9, 12, 42, 10, 11, 34, 6, 5, 39, 48]
bench_3_7	149	180000	false	--	[48, 32, 42, 49, 18, 46, 44, 47, 44, 44, 49, 49, 44, 36, 50, 43, 47, 43, 50, 43, 42, 48, 23, 26, 49, 30, 17, 21, 29, 27, 40, 41, 21, 51, 12, 5, 17, 8, 31, 9, 40, 19, 39, 50, 25, 25, 11, 14, 24, 13, 27, 33, 36, 16, 12, 22, 20, 15, 28, 32, 18, 29, 35, 20, 23, 10, 2, 7, 40, 33, 45, 19, 11, 46, 47, 39, 35, 34, 13, 43, 37, 22, 38, 15, 28, 30, 6, 45, 45, 51, 3, 4, 31, 4, 3, 2, 1, 24, 14, 1, 7, 16, 37, 9, 10, 26, 8, 6, 5, 38, 48]
bench_3_8	254	180000	false	--	[48, 33, 14, 44, 37, 50, 44, 49, 44, 47, 50, 9, 44, 44, 46, 25, 49, 25, 46, 25, 44, 48, 42, 25, 50, 26, 3, 21, 37, 51, 30, 27, 41, 47, 49, 9, 7, 24, 14, 3, 41, 19, 40, 11, 27, 26, 18, 23, 4, 12, 39, 29, 13, 5, 12, 22, 20, 34, 29, 30, 17, 21, 35, 20, 31, 28, 36, 10, 41, 40, 45, 19, 17, 22, 34, 2, 16, 35, 1, 10, 32, 6, 42, 43, 7, 33, 51, 2, 45, 8, 4, 15, 31, 32, 8, 13, 11, 39, 23, 18, 1, 36, 24, 5, 43, 15, 28, 6, 16, 38, 48]
bench_3_8	287	180000	false	--	[48, 31, 36, 44, 50, 49, 44, 47, 44, 30, 49, 49, 44, 42, 44, 43, 47, 43, 46, 43, 42, 48, 32, 22, 49, 33, 20, 21, 29, 29, 42, 35, 28, 46, 47, 7, 17, 35, 33, 11, 40, 17, 43, 19, 41, 27, 20, 14, 24, 16, 41, 26, 36, 16, 12, 22, 21, 15, 28, 25, 18, 27, 4, 18, 30, 9, 15, 5, 40, 32, 45, 19, 8, 13, 8, 40, 34, 23, 38, 37, 37, 34, 6, 14, 10, 26, 51, 25, 45, 5, 3, 39, 31, 4, 3, 2, 1, 24, 2, 1, 7, 13, 39, 11, 10, 9, 23, 38, 12, 6, 48]
bench_3_9	--	180000	false	--	--
bench_3_9	284	180000	false	--	[15, 37, 42, 49, 7, 49, 31, 47, 31, 10, 49, 49, 49, 42, 46, 43, 47, 43, 46, 43, 42, 15, 23, 22, 49, 30, 8, 20, 21, 28, 24, 33, 28, 37, 13, 39, 3, 5, 35, 11, 40, 43, 38, 35, 27, 20, 13, 14, 25, 11, 27, 29, 6, 16, 30, 39, 18, 16, 26, 41, 17, 24, 8, 23, 32, 9, 47, 29, 40, 25, 46, 19, 19, 9, 44, 1, 40, 36, 34, 45, 33, 12, 18, 41, 2, 21, 36, 45, 45, 17, 3, 4, 32, 10, 4, 31, 15, 26, 14, 44, 5, 48, 7, 2, 34, 1, 12, 6, 22, 38, 48]
bench_4_0	--	180000	false	--	--
bench_4_0	57	180000	false	--	[7, 37, 29, 16, 4, 27, 16, 31, 13, 10, 43, 27, 13, 1, 1, 8, 31, 9, 28, 14, 11, 53, 31, 30, 43, 30, 51, 52, 32, 38, 39, 46, 23, 5, 33, 22, 3, 48, 45, 18, 19, 48, 12, 37, 21, 35, 12, 4, 17, 9, 33, 36, 36, 38, 45, 22, 24, 14, 26, 5, 19, 34, 21, 47, 44, 41, 53, 52, 23, 41, 6, 20, 49, 51, 3, 24, 35, 25, 34, 26, 32, 50, 20, 50, 47, 42, 39, 2, 15, 46, 42, 49, 40, 43, 28, 27, 7, 25, 44, 40, 2, 29, 11, 15, 13, 6, 8, 16, 10, 18, 17]
bench_4_1	166	180000	false	--	[48, 24, 42, 50, 43, 49, 44, 47, 44, 44, 49, 49, 50, 42, 46, 43, 47, 43, 46, 43, 42, 48, 3, 16, 50, 12, 20, 21, 24, 23, 38, 33, 27, 46, 47, 22, 17, 8, 32, 11, 40, 19, 39, 27, 9, 36, 21, 14, 25, 6, 11, 29, 35, 23, 12, 22, 20, 39, 26, 33, 18, 26, 9, 31, 32, 10, 3, 28, 40, 31, 45, 19, 17, 14, 41, 15, 2, 34, 30, 37, 37, 6, 4, 5, 2, 29, 36, 7, 45, 13, 35, 35, 40, 4, 41, 30, 1, 25, 18, 1, 7, 15, 34, 49, 10, 5, 8, 16, 13, 38, 48]
bench_4_1	142	180000	false	--	[52, 31, 46, 14, 46, 49, 50, 27, 14, 47, 49, 50, 51, 44, 3, 4, 27, 4, 3, 43, 44, 40, 28, 18, 49, 29, 19, 39, 33, 32, 30, 35, 21, 48, 25, 39, 10, 5, 29, 16, 42, 10, 24, 9, 21, 30, 7, 2, 1, 6, 34, 18, 40, 28, 22, 38, 17, 25, 11, 32, 13, 31, 41, 17, 34, 12, 8, 15, 42, 11, 48, 19, 36, 20, 41, 6, 42, 51, 52, 45, 36, 13, 43, 7, 38, 35, 23, 37, 37, 1, 4, 4, 33, 9, 8, 3, 20, 26, 2, 26, 14, 12, 5, 27, 15, 24, 16, 23, 22, 45, 37]
bench_4_10	39	180000	false	--	[48, 37, 42, 44, 42, 49, 38, 47, 44, 47, 49, 49, 49, 50, 46, 43, 47, 43, 46, 43, 50, 48, 23, 3, 49, 36, 33, 34, 35, 34, 33, 31, 32, 44, 46, 48, 7, 37, 30, 19, 43, 32, 41, 45, 25, 31, 3, 15, 26, 21, 30, 29, 39, 14, 20, 20, 19, 16, 27, 29, 8, 28, 21, 25, 28, 18, 12, 23, 43, 27, 45, 18, 24, 13, 40, 39, 17, 16, 15, 6, 5, 36, 11, 35, 7, 26, 2, 40, 40, 10, 1, 9, 38, 11, 6, 5, 2, 24, 8, 4, 1, 22, 17, 12, 13, 10, 9, 14, 4, 22, 41]
bench_4_10	61	180000	false	--	[35, 34, 45, 49, 52, 49, 49, 47, 49, 48, 49, 50, 44, 43, 46, 44, 47, 44, 46, 44, 43, 45, 23, 13, 50, 36, 34, 51, 25, 8, 26, 26, 32, 47, 39, 42, 17, 37, 30, 17, 1, 24, 41, 50, 24, 37, 21, 5, 27, 6, 30, 33, 22, 12, 20, 43, 20, 15, 31, 8, 18, 29, 41, 29, 31, 18, 10, 23, 40, 27, 42, 19, 36, 7, 22, 4, 16, 15, 14, 2, 19, 25, 3, 35, 21, 32, 3, 46, 46, 9, 5, 11, 38, 2, 40, 4, 1, 51, 6, 28, 7, 13, 14, 11, 16, 9, 12, 10, 28, 39, 48]
bench_4_11	82	180000	false	--	[48, 27, 34, 48, 43, 49, 49, 47, 48, 33, 49, 49, 49, 42, 46, 43, 47, 43, 46, 43, 42, 48, 23, 41, 49, 25, 20, 21, 30, 30, 28, 38, 28, 45, 46, 41, 17, 8, 33, 11, 40, 22, 50, 40, 24, 27, 21, 14, 25, 5, 29, 26, 36, 4, 12, 22, 20, 15, 26, 32, 18, 24, 35, 17, 32, 10, 14, 6, 40, 31, 45, 19, 18, 15, 39, 39, 35, 34, 42, 37, 37, 16, 38, 3, 9, 23, 36, 44, 44, 51, 4, 7, 31, 52, 1, 2, 7, 29, 50, 51, 3, 13, 12, 11, 9, 10, 8, 6, 16, 44, 47]
bench_4_11	86	180000	false	--	[48, 26, 42, 44, 45, 49, 44, 48, 44, 35, 49, 49, 44, 43, 47, 2, 48, 43, 47, 43, 43, 48, 32, 34, 49, 30, 20, 22, 25, 27, 28, 13, 29, 46, 30, 41, 17, 8, 33, 14, 40, 19, 13, 38, 31, 28, 1, 14, 25, 6, 23, 27, 37, 34, 46, 22, 20, 15, 26, 39, 18, 29, 35, 18, 24, 10, 15, 7, 40, 32, 41, 19, 17, 12, 50, 39, 44, 16, 36, 38, 37, 6, 33, 5, 9, 23, 11, 45, 45, 47, 3, 50, 31, 12, 42, 4, 2, 24, 4, 3, 7, 21, 16, 11, 10, 9, 8, 36, 5, 40, 49]
bench_4_12	138	180000	false	--	[47, 16, 41, 48, 42, 48, 48, 46, 43, 43, 49, 9, 48, 41, 45, 42, 46, 42, 45, 42, 41, 47, 23, 32, 49, 15, 4, 25, 3, 13, 12, 24, 9, 24, 23, 40, 17, 27, 40, 28, 39, 1, 50, 39, 18, 37, 21, 14, 6, 5, 11, 8, 14, 32, 28, 22, 20, 15, 7, 10, 18, 5, 33, 46, 22, 28, 31, 3, 39, 21, 50, 19, 2, 31, 38, 10, 30, 33, 44, 36, 36, 26, 38, 25, 27, 20, 35, 44, 44, 34, 30, 30, 19, 4, 2, 35, 1, 17, 51, 29, 7, 8, 12, 11, 37, 16, 26, 6, 13, 49, 47]
bench_4_12	--	180000	false	--	--
bench_4_13	116	180000	false	--	[50, 30, 51, 45, 43, 49, 45, 3, 45, 44, 49, 49, 45, 44, 47, 3, 42, 40, 47, 40, 46, 48, 22, 35, 49, 30, 9, 10, 26, 32, 2, 31, 32, 47, 41, 38, 1, 29, 23, 1, 45, 11, 4, 38, 24, 29, 18, 15, 27, 25, 26, 14, 36, 33, 16, 23, 20, 17, 31, 21, 19, 14, 12, 8, 20, 5, 6, 15, 45, 19, 37, 21, 7, 17, 34, 39, 35, 36, 34, 37, 48, 13, 42, 41, 43, 18, 50, 46, 46, 27, 2, 25, 22, 6, 33, 4, 5, 24, 51, 28, 9, 28, 16, 13, 12, 11, 10, 7, 8, 39, 49]
bench_4_13	100	180000	false	--	[48, 32, 42, 45, 35, 49, 45, 48, 44, 45, 49, 49, 44, 43, 47, 44, 48, 44, 47, 44, 43, 48, 25, 24, 49, 31, 10, 11, 31, 30, 29, 43, 29, 46, 49, 40, 3, 17, 23, 1, 4, 7, 41, 42, 5, 28, 23, 16, 14, 18, 27, 26, 37, 33, 9, 24, 19, 17, 26, 22, 21, 27, 36, 13, 21, 6, 8, 14, 50, 20, 41, 22, 2, 32, 46, 40, 39, 35, 34, 38, 38, 16, 36, 12, 3, 19, 37, 4, 50, 30, 5, 28, 25, 33, 15, 9, 6, 20, 18, 15, 2, 34, 13, 11, 12, 1, 10, 7, 8, 39, 47]
bench_4_14	65	180000	false	--	[48, 52, 42, 43, 20, 49, 45, 48, 43, 41, 49, 49, 45, 43, 47, 44, 48, 44, 47, 44, 44, 48, 23, 14, 49, 25, 29, 30, 26, 20, 30, 3, 34, 46, 6, 4, 17, 45, 40, 34, 1, 52, 39, 37, 33, 41, 21, 8, 16, 12, 31, 27, 5, 51, 35, 22, 50, 14, 28, 37, 18, 29, 10, 28, 39, 49, 50, 31, 42, 38, 46, 19, 16, 17, 40, 36, 9, 8, 7, 12, 13, 25, 15, 24, 23, 47, 35, 32, 32, 32, 19, 21, 38, 4, 6, 36, 1, 24, 33, 22, 7, 13, 51, 11, 10, 9, 15, 2, 5, 3, 18]
bench_4_14	76	180000	false	--	[48, 37, 41, 45, 43, 49, 45, 48, 32, 37, 49, 49, 45, 43, 47, 44, 48, 44, 47, 44, 43, 48, 34, 6, 49, 15, 20, 44, 3, 51, 35, 27, 32, 31, 19, 42, 17, 46, 7, 34, 7, 28, 4, 26, 25, 31, 21, 14, 20, 10, 36, 29, 23, 2, 35, 22, 38, 16, 28, 9, 18, 24, 10, 51, 41, 33, 22, 36, 40, 39, 46, 19, 29, 18, 30, 16, 11, 8, 9, 14, 13, 25, 5, 24, 23, 47, 42, 45, 45, 39, 3, 38, 27, 40, 26, 4, 1, 33, 21, 17, 2, 5, 12, 30, 13, 6, 8, 50, 11, 1, 49]
bench_4_15	112	180000	false	--	[47, 31, 41, 44, 42, 48, 48, 46, 48, 43, 48, 48, 44, 42, 45, 43, 46, 43, 45, 43, 42, 47, 23, 49, 48, 29, 15, 16, 29, 28, 28, 31, 27, 37, 38, 41, 17, 19, 8, 1, 10, 13, 5, 34, 24, 24, 2, 15, 19, 21, 27, 26, 35, 49, 20, 22, 20, 16, 25, 9, 18, 23, 35, 12, 7, 38, 44, 3, 10, 6, 40, 33, 47, 39, 39, 4, 34, 4, 33, 37, 36, 14, 45, 18, 32, 2, 36, 46, 46, 30, 30, 30, 17, 40, 5, 3, 1, 26, 22, 21, 8, 13, 14, 12, 11, 7, 9, 6, 10, 32, 25]
bench_4_15	132	180000	false	--	[48, 32, 41, 44, 43, 48, 44, 47, 44, 47, 48, 51, 44, 42, 46, 1, 47, 1, 46, 43, 42, 48, 51, 35, 48, 49, 16, 17, 30, 49, 28, 12, 26, 46, 10, 37, 18, 4, 8, 20, 40, 13, 41, 40, 23, 25, 1, 16, 24, 19, 26, 28, 34, 33, 20, 22, 29, 17, 50, 11, 21, 2, 35, 15, 9, 6, 27, 3, 40, 10, 45, 27, 14, 32, 39, 39, 36, 34, 29, 37, 36, 21, 38, 19, 5, 7, 33, 45, 45, 31, 31, 31, 18, 6, 5, 4, 3, 23, 22, 20, 9, 15, 14, 44, 12, 11, 13, 8, 7, 38, 42]
bench_4_16	--	180000	false	--	--
bench_4_16	--	180000	false	--	--
bench_4_17	66	180000	false	--	[48, 37, 42, 49, 43, 49, 49, 47, 48, 44, 49, 49, 49, 42, 46, 43, 47, 43, 46, 43, 42, 48, 23, 13, 49, 36, 33, 34, 35, 34, 51, 31, 32, 47, 46, 50, 17, 37, 30, 19, 39, 32, 51, 40, 25, 31, 21, 14, 27, 16, 30, 29, 22, 12, 20, 22, 20, 15, 28, 29, 18, 26, 21, 25, 28, 18, 11, 23, 39, 27, 44, 19, 24, 10, 38, 39, 16, 15, 14, 4, 3, 36, 7, 35, 17, 26, 33, 45, 45, 9, 1, 8, 38, 7, 4, 3, 2, 24, 6, 5, 1, 9, 12, 11, 10, 41, 8, 6, 5, 41, 50]
bench_4_17	--	180000	false	--	--
bench_4_18	--	180000	false	--	--
bench_4_18	--	180000	false	--	--
bench_4_19	25	180000	false	--	[20, 46, 1, 25, 14, 36, 25, 18, 21, 11, 36, 42, 28, 5, 7, 6, 18, 10, 9, 12, 19, 47, 52, 37, 42, 29, 40, 43, 24, 35, 45, 32, 38, 34, 31, 23, 1, 2, 8, 47, 52, 23, 38, 46, 26, 30, 11, 14, 28, 10, 3, 27, 16, 43, 47, 18, 21, 15, 53, 4, 19, 16, 29, 48, 39, 40, 48, 33, 53, 49, 22, 36, 51, 49, 50, 24, 4, 27, 3, 26, 44, 2, 45, 33, 51, 41, 35, 13, 15, 50, 8, 32, 37, 20, 31, 17, 7, 44, 41, 39, 13, 5, 22, 25, 42, 6, 34, 12, 9, 30, 17]
bench_4_19	30	180000	false	--	[19, 53, 17, 15, 12, 54, 22, 18, 8, 11, 54, 54, 22, 6, 2, 5, 18, 9, 4, 10, 32, 21, 23, 33, 54, 36, 37, 49, 38, 34, 46, 41, 35, 3, 16, 53, 17, 51, 43, 37, 35, 47, 52, 31, 52, 31, 6, 14, 20, 16, 30, 29, 30, 25, 45, 22, 9, 15, 28, 42, 18, 26, 46, 25, 39, 47, 39, 50, 36, 40, 1, 19, 45, 44, 34, 33, 29, 38, 26, 27, 28, 51, 48, 50, 49, 44, 24, 13, 14, 43, 41, 42, 27, 2, 4, 3, 1, 24, 40, 48, 7, 10, 12, 32, 21, 13, 8, 11, 5, 23, 20]
bench_4_2	--	180000	false	--	--
bench_4_2	151	180000	false	--	[47, 41, 38, 48, 42, 48, 43, 46, 43, 43, 48, 48, 48, 41, 30, 42, 46, 42, 31, 42, 41, 47, 45, 32, 48, 4, 4, 25, 49, 22, 29, 10, 11, 35, 46, 27, 17, 37, 24, 28, 39, 3, 40, 14, 23, 16, 21, 11, 5, 10, 9, 6, 45, 31, 28, 22, 20, 15, 7, 23, 18, 13, 8, 50, 15, 28, 27, 26, 39, 21, 44, 19, 1, 5, 18, 38, 34, 34, 33, 2, 36, 16, 20, 2, 6, 24, 35, 44, 44, 12, 30, 30, 19, 26, 1, 40, 3, 17, 49, 29, 7, 13, 12, 8, 9, 33, 14, 32, 39, 25, 47]
bench_4_3	131	180000	false	--	[40, 49, 46, 48, 45, 48, 43, 46, 43, 43, 48, 48, 48, 41, 45, 42, 46, 42, 45, 42, 41, 40, 30, 32, 48, 16, 4, 25, 10, 12, 26, 21, 11, 38, 24, 30, 16, 27, 41, 28, 39, 3, 35, 39, 23, 5, 21, 10, 7, 47, 6, 8, 26, 32, 28, 22, 9, 15, 9, 19, 18, 29, 36, 2, 22, 29, 24, 42, 39, 18, 44, 20, 1, 31, 36, 15, 1, 33, 34, 35, 25, 14, 37, 19, 28, 20, 40, 44, 44, 13, 33, 33, 27, 4, 3, 2, 34, 17, 17, 38, 7, 31, 13, 11, 14, 12, 8, 6, 5, 37, 47]
bench_4_3	123	180000	false	--	[47, 13, 44, 43, 41, 48, 39, 24, 43, 32, 48, 48, 43, 42, 45, 13, 24, 13, 45, 13, 42, 47, 12, 39, 48, 33, 25, 46, 7, 26, 17, 3, 8, 45, 29, 1, 18, 21, 42, 28, 17, 23, 40, 27, 18, 38, 21, 5, 2, 15, 10, 12, 27, 32, 28, 22, 31, 11, 6, 16, 19, 22, 15, 4, 46, 28, 48, 19, 17, 43, 36, 20, 3, 31, 35, 37, 34, 6, 8, 35, 14, 9, 37, 29, 14, 5, 36, 44, 44, 30, 30, 30, 11, 9, 23, 34, 4, 20, 41, 33, 10, 38, 2, 7, 26, 24, 16, 25, 1, 40, 47]
bench_4_4	102	180000	false	--	[48, 31, 29, 49, 41, 49, 49, 47, 39, 13, 49, 50, 39, 42, 46, 7, 47, 43, 46, 43, 42, 48, 46, 35, 49, 28, 26, 34, 29, 30, 11, 33, 42, 40, 33, 44, 4, 10, 26, 4, 40, 36, 21, 5, 25, 28, 6, 3, 27, 16, 23, 36, 22, 2, 11, 22, 17, 15, 30, 47, 5, 32, 37, 34, 32, 15, 44, 50, 40, 35, 45, 19, 23, 16, 2, 14, 9, 8, 6, 37, 43, 19, 3, 27, 31, 45, 17, 20, 20, 38, 1, 12, 24, 41, 8, 20, 7, 24, 25, 18, 1, 9, 14, 39, 18, 10, 12, 21, 13, 38, 48]
bench_4_4	96	180000	false	--	[48, 32, 42, 45, 43, 49, 45, 48, 46, 26, 49, 49, 45, 43, 46, 37, 48, 44, 46, 44, 43, 48, 2, 5, 49, 14, 2, 3, 22, 27, 12, 30, 24, 13, 28, 41, 17, 36, 33, 4, 1, 35, 47, 6, 8, 28, 11, 15, 12, 9, 27, 37, 38, 31, 42, 23, 20, 21, 19, 33, 38, 32, 50, 35, 25, 10, 21, 8, 40, 13, 36, 50, 14, 24, 29, 39, 22, 15, 9, 34, 7, 25, 20, 17, 30, 31, 23, 45, 45, 29, 16, 39, 19, 41, 6, 5, 1, 3, 18, 11, 4, 40, 47, 34, 49, 10, 16, 18, 7, 44, 26]
bench_4_5	84	180000	false	--	[49, 31, 20, 45, 42, 1, 45, 48, 45, 42, 1, 1, 45, 2, 47, 5, 48, 5, 47, 43, 43, 49, 23, 15, 1, 30, 35, 36, 28, 36, 29, 34, 29, 47, 49, 46, 4, 33, 40, 27, 40, 35, 3, 50, 25, 41, 21, 9, 26, 19, 28, 33, 37, 8, 27, 22, 20, 16, 30, 34, 17, 41, 37, 23, 32, 9, 11, 19, 40, 32, 46, 18, 31, 7, 26, 27, 12, 44, 10, 38, 38, 18, 6, 17, 39, 25, 22, 45, 45, 21, 14, 16, 24, 2, 6, 50, 3, 24, 4, 13, 1, 13, 12, 10, 5, 11, 8, 7, 14, 39, 48]
bench_4_5	62	180000	false	--	[48, 29, 27, 50, 43, 49, 50, 47, 44, 44, 49, 49, 50, 30, 21, 43, 47, 43, 26, 43, 42, 47, 12, 2, 49, 31, 35, 36, 30, 51, 29, 34, 42, 41, 49, 41, 17, 6, 33, 3, 37, 35, 45, 1, 25, 51, 21, 14, 27, 16, 28, 28, 11, 13, 3, 22, 20, 15, 32, 36, 18, 31, 20, 39, 34, 15, 19, 5, 37, 32, 45, 19, 23, 10, 48, 40, 16, 4, 9, 33, 37, 22, 39, 17, 7, 25, 23, 3, 40, 8, 12, 14, 24, 11, 4, 1, 38, 24, 10, 18, 2, 13, 7, 9, 5, 46, 8, 26, 6, 38, 46]
bench_4_6	133	180000	false	--	[48, 30, 29, 49, 43, 49, 49, 47, 28, 44, 49, 49, 49, 42, 46, 43, 47, 43, 46, 43, 42, 48, 23, 34, 49, 27, 8, 9, 25, 29, 17, 22, 36, 6, 15, 40, 14, 13, 21, 3, 40, 7, 17, 41, 24, 28, 21, 15, 25, 16, 27, 26, 42, 33, 4, 22, 46, 44, 26, 41, 18, 30, 35, 6, 19, 1, 32, 12, 40, 18, 45, 19, 5, 32, 39, 39, 35, 34, 20, 37, 37, 11, 47, 10, 2, 20, 36, 45, 45, 31, 16, 31, 23, 4, 3, 2, 1, 24, 33, 14, 7, 12, 13, 5, 10, 11, 8, 38, 9, 38, 48]
bench_4_6	168	180000	false	--	[48, 30, 42, 45, 43, 49, 45, 47, 45, 44, 49, 49, 45, 43, 47, 44, 47, 44, 47, 44, 43, 48, 23, 34, 49, 30, 11, 12, 29, 29, 28, 31, 28, 46, 48, 42, 1, 14, 22, 6, 40, 3, 41, 41, 24, 27, 21, 11, 25, 17, 27, 26, 36, 33, 9, 22, 20, 16, 26, 21, 18, 25, 36, 2, 20, 5, 33, 13, 40, 19, 45, 19, 8, 32, 40, 39, 35, 35, 34, 38, 37, 7, 39, 10, 4, 18, 37, 1, 46, 32, 16, 31, 23, 9, 6, 5, 4, 24, 17, 15, 3, 15, 14, 13, 12, 10, 8, 7, 2, 38, 49]
bench_4_7	142	180000	false	--	[47, 16, 41, 48, 42, 48, 43, 46, 43, 43, 48, 48, 43, 41, 45, 42, 46, 42, 45, 42, 41, 47, 23, 32, 48, 15, 4, 25, 14, 13, 12, 24, 11, 40, 45, 44, 17, 27, 24, 28, 38, 22, 46, 38, 18, 9, 21, 14, 1, 16, 8, 7, 35, 32, 28, 22, 13, 15, 6, 21, 18, 5, 34, 3, 23, 28, 31, 20, 38, 25, 44, 19, 2, 31, 39, 37, 34, 33, 33, 36, 36, 26, 37, 26, 27, 19, 35, 47, 47, 30, 30, 30, 10, 4, 3, 20, 2, 17, 29, 29, 1, 12, 11, 10, 9, 8, 7, 6, 5, 40, 39]
bench_4_7	124	180000	false	--	[47, 16, 40, 48, 42, 48, 48, 46, 16, 43, 48, 48, 16, 13, 45, 42, 46, 42, 45, 42, 13, 47, 23, 32, 48, 15, 27, 35, 12, 14, 43, 24, 11, 45, 46, 39, 17, 27, 22, 28, 39, 3, 40, 37, 18, 47, 21, 34, 6, 14, 9, 8, 25, 32, 28, 22, 19, 41, 7, 23, 18, 5, 26, 2, 41, 4, 31, 26, 39, 21, 44, 20, 1, 31, 24, 38, 34, 33, 33, 3, 36, 15, 36, 25, 28, 20, 37, 44, 44, 29, 30, 30, 19, 4, 35, 2, 1, 17, 30, 29, 7, 12, 9, 11, 10, 13, 8, 6, 5, 38, 10]
bench_4_8	66	180000	false	--	[48, 31, 44, 49, 35, 49, 2, 47, 2, 41, 49, 49, 49, 42, 1, 50, 47, 50, 4, 50, 42, 48, 23, 5, 49, 38, 6, 34, 29, 42, 32, 34, 43, 3, 47, 41, 17, 37, 27, 17, 40, 25, 25, 46, 36, 26, 15, 14, 9, 12, 37, 27, 43, 16, 19, 20, 21, 22, 28, 29, 18, 33, 22, 33, 28, 18, 11, 23, 40, 40, 30, 19, 26, 21, 39, 39, 14, 20, 31, 12, 44, 36, 10, 38, 15, 32, 3, 45, 46, 13, 7, 8, 50, 10, 1, 4, 2, 6, 9, 24, 7, 24, 35, 30, 11, 13, 8, 16, 5, 45, 48]
bench_4_8	70	180000	false	--	[48, 30, 1, 49, 42, 49, 49, 47, 13, 44, 49, 49, 49, 3, 46, 43, 47, 43, 46, 43, 3, 48, 23, 38, 49, 36, 33, 34, 39, 4, 33, 31, 32, 3, 50, 4, 17, 37, 30, 19, 39, 36, 44, 29, 24, 31, 21, 14, 28, 16, 27, 41, 47, 12, 20, 22, 20, 15, 37, 11, 18, 26, 21, 41, 28, 18, 11, 23, 40, 27, 35, 19, 24, 43, 48, 10, 15, 16, 14, 25, 2, 40, 10, 6, 17, 26, 32, 45, 45, 5, 7, 8, 6, 25, 2, 46, 1, 34, 22, 9, 7, 13, 5, 50, 45, 29, 8, 9, 12, 35, 42]
bench_4_9	85	180000	false	--	[48, 50, 23, 3, 43, 49, 6, 47, 20, 49, 49, 49, 6, 1, 25, 43, 47, 43, 28, 43, 35, 16, 37, 30, 49, 29, 20, 20, 12, 35, 23, 41, 44, 46, 10, 41, 17, 8, 32, 11, 39, 24, 28, 42, 5, 47, 6, 3, 12, 30, 26, 29, 34, 16, 19, 22, 24, 14, 50, 21, 18, 51, 27, 26, 42, 51, 18, 7, 40, 40, 45, 34, 36, 14, 33, 31, 48, 37, 44, 4, 22, 39, 1, 5, 9, 38, 36, 45, 45, 13, 2, 17, 32, 33, 15, 2, 31, 21, 38, 15, 7, 10, 9, 11, 27, 19, 8, 13, 4, 25, 46]
bench_4_9	84	180000	false	--	[48, 27, 42, 49, 38, 49, 49, 47, 44, 41, 49, 18, 40, 42, 46, 43, 47, 43, 46, 43, 42, 48, 14, 22, 49, 30, 20, 21, 29, 26, 28, 33, 28, 48, 2, 41, 17, 47, 23, 11, 38, 19, 2, 39, 25, 26, 21, 5, 25, 16, 27, 30, 36, 16, 12, 22, 20, 15, 29, 31, 18, 24, 8, 46, 39, 14, 15, 7, 38, 12, 45, 19, 17, 10, 32, 44, 11, 9, 34, 37, 37, 6, 33, 5, 9, 23, 36, 45, 45, 35, 3, 4, 31, 4, 3, 32, 1, 24, 13, 1, 7, 13, 50, 35, 10, 34, 8, 6, 40, 43, 50]
