% n20w200.003    91.55 360
Locations = 1..21;
duration = [|0, 32, 44, 35, 20, 28, 26, 31, 26, 47, 35, 26, 24, 32, 24, 15, 22, 22, 20, 29, 31
            |32, 0, 25, 10, 25, 25, 44, 22, 15, 24, 27, 41, 21, 44, 36, 20, 20, 30, 22, 20, 42
            |44, 25, 0, 35, 25, 17, 40, 47, 18, 6, 11, 35, 44, 35, 31, 29, 22, 27, 24, 15, 33
            |35, 10, 35, 0, 33, 35, 52, 14, 25, 33, 37, 49, 16, 53, 44, 27, 29, 39, 31, 30, 51
            |20, 25, 25, 33, 0, 8, 19, 38, 11, 29, 15, 16, 32, 20, 11, 9, 5, 6, 2, 10, 18
            |28, 25, 17, 35, 8, 0, 23, 42, 10, 22, 7, 19, 37, 21, 14, 15, 8, 10, 8, 5, 18
            |26, 44, 40, 52, 19, 23, 0, 54, 30, 45, 28, 4, 47, 9, 9, 25, 25, 14, 22, 28, 9
            |31, 22, 47, 14, 38, 42, 54, 0, 33, 46, 46, 52, 8, 57, 48, 30, 34, 43, 36, 38, 55
            |26, 15, 18, 25, 11, 10, 30, 33, 0, 21, 13, 27, 28, 30, 22, 11, 6, 16, 9, 5, 27
            |47, 24, 6, 33, 29, 22, 45, 46, 21, 0, 17, 41, 44, 41, 36, 32, 26, 32, 28, 19, 39
            |35, 27, 11, 37, 15, 7, 28, 46, 13, 17, 0, 24, 42, 24, 20, 22, 14, 16, 15, 8, 22
            |26, 41, 35, 49, 16, 19, 4, 52, 27, 41, 24, 0, 45, 6, 5, 23, 21, 10, 18, 24, 5
            |24, 21, 44, 16, 32, 37, 47, 8, 28, 44, 42, 45, 0, 51, 41, 23, 29, 37, 30, 34, 49
            |32, 44, 35, 53, 20, 21, 9, 57, 30, 41, 24, 6, 51, 0, 9, 28, 25, 14, 22, 26, 2
            |24, 36, 31, 44, 11, 14, 9, 48, 22, 36, 20, 5, 41, 9, 0, 18, 16, 5, 13, 19, 7
            |15, 20, 29, 27, 9, 15, 25, 30, 11, 32, 22, 23, 23, 28, 18, 0, 7, 14, 7, 14, 25
            |22, 20, 22, 29, 5, 8, 25, 34, 6, 26, 14, 21, 29, 25, 16, 7, 0, 11, 3, 7, 22
            |22, 30, 27, 39, 6, 10, 14, 43, 16, 32, 16, 10, 37, 14, 5, 14, 11, 0, 8, 14, 12
            |20, 22, 24, 31, 2, 8, 22, 36, 9, 28, 15, 18, 30, 22, 13, 7, 3, 8, 0, 9, 20
            |29, 20, 15, 30, 10, 5, 28, 38, 5, 19, 8, 24, 34, 26, 19, 14, 7, 14, 9, 0, 24
            |31, 42, 33, 51, 18, 18, 9, 55, 27, 39, 22, 5, 49, 2, 7, 25, 22, 12, 20, 24, 0|];
early = [0, 253, 0, 112, 0, 0, 40, 147, 0, 115, 0, 11, 58, 231, 0, 50, 0, 0, 0, 0, 152];
late = [494, 462, 214, 243, 89, 166, 222, 332, 126, 348, 110, 173, 277, 429, 194, 262, 99, 179, 158, 154, 413];
solution = [3, 4, 6, 7, 1, 11, 12, 13, 16, 8, 22, 15, 2, 10, 20, 17, 5, 19, 9, 18, 14, 21, 68, 232, 24, 222, 88, 7, 170, 282, 111, 328, 0, 166, 274, 369, 161, 100, 93, 128, 120, 142, 371];
